results with min birst=64 (this is not necessary and gives higher quantiles at low load) - program bugs after about 3 correct loads (why????) 

FAIR DROP: VQthresh min 10.24, max 51200.00, 
VQ updates per batch 
pktload 1.10 
flowsize 30000.00, theta 1.00, min th 10.24, max th 51200.00, buffer 512 
shares: class1 0.40, class2 0.40, class3 0.00, class4 0.00, class5 0.00, class6 0.00, single packets 0.20 
pktsize: class1 1.00, class2 10.00, class3 1.00, class4 2.00, class5 1.00, class6 2.00, single packets 1.00 o'head 0.50
rate: class1 1.50, class2 1.50, class3 1.00, class4 1.00, class5 1.00, class6 0.00 
batching: max number 256 

1000   0.849    0.001    0.172    0.812   0.001   0.095    0.894    51200.00 0 65 0 
2000   0.832    0.001    0.172    0.807   0.003   0.095    0.879    51200.00 0 65 0 
3000   0.809    0.001    0.172    0.799   0.002   0.095    0.867    51200.00 0 65 0 
4000   0.865    0.001    0.172    0.804   0.002   0.095    0.881    51200.00 0 65 0 
5000   0.841    0.001    0.172    0.800   0.002   0.095    0.887    51200.00 0 65 0 
6000   0.841    0.001    0.172    0.801   0.002   0.095    0.885    51200.00 0 65 0 
7000   0.844    0.001    0.172    0.800   0.002   0.095    0.885    51200.00 0 65 0 
8000   0.851    0.001    0.172    0.801   0.002   0.095    0.887    51200.00 1 24 0 
9000   0.836    0.001    0.172    0.801   0.002   0.095    0.885    51200.00 0 65 0 
10000   0.840    0.001    0.172    0.802   0.002   0.095    0.885    51200.00 0 65 0 
11000   0.854    0.001    0.172    0.802   0.002   0.095    0.887    51200.00 1 8 0 
12000   0.826    0.001    0.172    0.801   0.002   0.095    0.884    51200.00 0 65 0 
13000   0.861    0.001    0.172    0.803   0.002   0.095    0.886    51200.00 0 65 0 
14000   0.850    0.001    0.172    0.802   0.002   0.095    0.888    51200.00 0 65 0 
15000   0.847    0.001    0.172    0.802   0.002   0.095    0.889    51200.00 0 65 0 
16000   0.839    0.001    0.172    0.802   0.002   0.095    0.888    51200.00 0 65 0 
17000   0.830    0.001    0.172    0.801   0.002   0.095    0.887    51200.00 0 65 0 
18000   0.856    0.001    0.172    0.802   0.002   0.095    0.888    51200.00 0 65 0 
19000   0.856    0.001    0.172    0.802   0.002   0.095    0.889    51200.00 0 65 0 
20000   0.855    0.001    0.172    0.802   0.002   0.095    0.890    51200.00 0 65 0 
0.10  cl0  0.802  0.802  0.173  0.001  0.172  cl1  0.890  0.089  0.097  0.002  0.095  538.772  -2.66     65     66     67 
class   cycles/s   pkts/s drop rate tail drop  fair drop
  0     0.802     0.802   0.173     0.001     0.172
  1     0.890     0.089   0.097     0.002     0.095
Poisson loss rate 0.000 
1000   0.734    0.002    0.170    0.700   0.004   0.096    0.768    51200.00 0 65 0 
2000   0.753    0.002    0.169    0.704   0.003   0.096    0.785    51200.00 0 65 0 
3000   0.757    0.002    0.169    0.711   0.003   0.095    0.786    51200.00 1 26 0 
4000   0.738    0.002    0.169    0.711   0.003   0.096    0.781    51200.00 0 65 0 
5000   0.723    0.002    0.169    0.710   0.003   0.096    0.773    51200.00 0 65 0 
6000   0.737    0.002    0.169    0.711   0.003   0.096    0.772    51200.00 0 65 0 
7000   0.748    0.002    0.169    0.710   0.003   0.096    0.776    51200.00 0 65 0 
8000   0.758    0.002    0.169    0.710   0.003   0.096    0.780    51200.00 0 65 0 
9000   0.765    0.002    0.169    0.713   0.003   0.096    0.782    51200.00 0 65 0 
10000   0.744    0.002    0.169    0.714   0.003   0.096    0.780    51200.00 0 65 0 
11000   0.777    0.002    0.169    0.716   0.003   0.096    0.783    51200.00 0 65 0 
12000   0.745    0.002    0.169    0.714   0.003   0.096    0.785    51200.00 0 65 0 
13000   0.750    0.002    0.169    0.715   0.003   0.096    0.784    51200.00 0 65 0 
14000   0.767    0.002    0.169    0.716   0.003   0.096    0.786    51200.00 0 65 0 
15000   0.750    0.002    0.169    0.716   0.003   0.096    0.786    51200.00 0 65 0 
16000   0.769    0.002    0.169    0.716   0.003   0.096    0.788    51200.00 0 65 0 
17000   0.763    0.002    0.169    0.716   0.003   0.096    0.790    51200.00 0 65 0 
18000   0.759    0.002    0.169    0.716   0.003   0.096    0.791    51200.00 0 66 0 
19000   0.754    0.002    0.169    0.716   0.003   0.096    0.792    51200.00 0 65 0 
20000   0.747    0.002    0.169    0.716   0.003   0.096    0.791    51200.00 0 65 0 
0.20  cl0  0.716  0.716  0.171  0.002  0.169  cl1  0.791  0.079  0.099  0.003  0.096  325.556  -3.39     65     73     84 
class   cycles/s   pkts/s drop rate tail drop  fair drop
  0     0.716     0.716   0.171     0.002     0.169
  1     0.791     0.079   0.099     0.003     0.096
Poisson loss rate 0.000 
1000   0.714    0.002    0.168    0.676   0.003   0.098    0.760    51200.00 0 65 0 
2000   0.660    0.002    0.167    0.649   0.004   0.098    0.733    51200.00 0 65 0 
3000   0.651    0.003    0.166    0.639   0.003   0.098    0.714    51200.00 0 65 0 
4000   0.647    0.003    0.166    0.632   0.004   0.098    0.705    67.17 2 3 0 
5000   0.654    0.003    0.166    0.634   0.004   0.098    0.698    302.13 1 7 0 
6000   0.672    0.003    0.166    0.634   0.004   0.098    0.701    447.04 3 13 0 
7000   0.674    0.003    0.166    0.635   0.004   0.098    0.702    51200.00 0 65 0 
8000   0.657    0.003    0.166    0.633   0.004   0.098    0.701    474.57 1 13 33 
9000   0.653    0.003    0.166    0.631   0.004   0.098    0.701    51200.00 0 65 0 
10000   0.695    0.003    0.166    0.634   0.004   0.098    0.704    51200.00 1 30 0 
11000   0.704    0.003    0.166    0.635   0.003   0.098    0.709    51200.00 0 65 0 
12000   0.619    0.003    0.166    0.632   0.004   0.098    0.703    51200.00 0 65 0 
13000   0.621    0.003    0.166    0.632   0.004   0.098    0.695    51200.00 0 65 0 
14000   0.671    0.003    0.166    0.631   0.004   0.098    0.697    51200.00 0 66 0 
15000   0.612    0.003    0.166    0.629   0.004   0.098    0.691    1387.40 2 36 0 
16000   0.679    0.003    0.166    0.631   0.004   0.098    0.691    51200.00 0 65 0 
17000   0.664    0.003    0.166    0.630   0.004   0.098    0.693    51200.00 0 65 0 
18000   0.647    0.003    0.166    0.629   0.004   0.098    0.692    51200.00 0 65 0 
19000   0.644    0.003    0.166    0.630   0.004   0.098    0.690    51200.00 0 65 0 
20000   0.661    0.003    0.166    0.630   0.004   0.098    0.690    51200.00 0 65 0 
0.30  cl0  0.630  0.630  0.168  0.003  0.166  cl1  0.690  0.069  0.102  0.004  0.098  252.685  -5.17     65     99     110 
class   cycles/s   pkts/s drop rate tail drop  fair drop
  0     0.630     0.630   0.168     0.003     0.166
  1     0.690     0.069   0.102     0.004     0.098
Poisson loss rate 0.000 
1000   0.555    0.003    0.164    0.533   0.005   0.101    0.585    51200.00 0 65 0 
2000   0.598    0.003    0.163    0.549   0.004   0.101    0.610    51200.00 0 65 0 
3000   0.616    0.003    0.163    0.555   0.004   0.101    0.631    51200.00 0 65 0 
4000   0.532    0.003    0.163    0.549   0.004   0.101    0.603    51200.00 0 65 0 
5000   0.556    0.003    0.163    0.551   0.005   0.101    0.593    51200.00 0 65 0 
6000   0.540    0.003    0.162    0.546   0.005   0.101    0.585    51200.00 0 65 0 
7000   0.594    0.003    0.162    0.550   0.005   0.101    0.589    3194.80 1 81 0 
8000   0.555    0.003    0.162    0.549   0.005   0.101    0.586    51200.00 1 30 0 
9000   0.262    0.029    0.233    0.474   0.038   0.208    0.537    51200.00 4 4 0 
10000   0.226    0.054    0.324    0.408   0.065   0.295    0.500    51200.00 3 3 0 
11000   0.206    0.070    0.381    0.360   0.087   0.356    0.467    51200.00 4 4 0 
12000   0.194    0.084    0.420    0.323   0.104   0.396    0.434    51200.00 5 5 0 
13000   0.194    0.093    0.444    0.298   0.118   0.420    0.410    51200.00 1 1 0 
14000   0.183    0.100    0.464    0.279   0.130   0.443    0.384    51200.00 1 1 0 
15000   0.188    0.106    0.480    0.265   0.137   0.473    0.364    51200.00 1 1 0 
16000   0.191    0.110    0.494    0.254   0.143   0.487    0.354    51200.00 1 1 0 
17000   0.199    0.113    0.504    0.245   0.149   0.492    0.346    10.24 5 5 256 
18000   0.207    0.115    0.513    0.239   0.151   0.503    0.340    51200.00 1 1 0 
19000   0.211    0.117    0.521    0.232   0.152   0.505    0.338    10.24 4 3 256 
20000   0.221    0.118    0.528    0.228   0.151   0.511    0.337    51200.00 1 1 0 
0.40  cl0  0.228  0.228  0.647  0.118  0.528  cl1  0.337  0.034  0.662  0.151  0.511  223.161  -15.87     66     120     130 
class   cycles/s   pkts/s drop rate tail drop  fair drop
  0     0.228     0.228   0.647     0.118     0.528
  1     0.337     0.034   0.662     0.151     0.511
Poisson loss rate 0.001 
1000   0.479    0.004    0.156    0.446   0.005   0.106    0.516    51200.00 0 65 0 
2000   0.515    0.003    0.158    0.464   0.004   0.105    0.533    51200.00 0 65 0 
3000   0.495    0.003    0.158    0.465   0.004   0.105    0.530    51200.00 0 65 0 
4000   0.444    0.003    0.158    0.456   0.004   0.106    0.509    51200.00 0 65 0 
5000   0.475    0.003    0.158    0.457   0.004   0.105    0.506    51200.00 1 33 0 
6000   0.455    0.003    0.158    0.457   0.004   0.106    0.498    51200.00 1 34 0 
7000   0.441    0.003    0.158    0.454   0.005   0.106    0.490    94.05 1 8 0 
8000   0.509    0.003    0.158    0.457   0.005   0.106    0.496    51200.00 1 29 0 
9000   0.504    0.003    0.158    0.459   0.005   0.106    0.500    1443.14 7 42 0 
10000   0.449    0.003    0.158    0.458   0.005   0.106    0.494    51200.00 0 65 0 
11000   0.373    0.003    0.154    0.448   0.005   0.102    0.478    51200.00 1 65 0 
12000   0.284    0.003    0.143    0.425   0.004   0.093    0.452    51200.00 1 65 0 
13000   0.302    0.003    0.134    0.412   0.004   0.087    0.437    51200.00 2 13 0 
14000   0.289    0.002    0.125    0.401   0.004   0.081    0.420    51200.00 2 45 0 
15000   0.317    0.002    0.118    0.393   0.003   0.077    0.413    51200.00 3 13 0 
16000   0.291    0.002    0.112    0.384   0.003   0.072    0.404    51200.00 1 65 0 
17000   0.312    0.002    0.106    0.378   0.003   0.069    0.398    51200.00 2 49 0 
18000   0.281    0.002    0.100    0.370   0.003   0.065    0.389    51200.00 2 22 0 
19000   0.283    0.002    0.096    0.365   0.003   0.062    0.381    51200.00 1 65 0 
20000   0.299    0.002    0.091    0.361   0.003   0.059    0.375    51200.00 1 65 0 
0.50  cl0  0.361  0.361  0.093  0.002  0.091  cl1  0.375  0.038  0.061  0.003  0.059  156.775  0.50     65     132     144 
class   cycles/s   pkts/s drop rate tail drop  fair drop
  0     0.361     0.361   0.093     0.002     0.091
  1     0.375     0.038   0.061     0.003     0.059
Poisson loss rate 0.001 
1000   0.310    0.003    0.146    0.310   0.006   0.112    0.311    51200.00 0 65 0 
2000   0.376    0.003    0.150    0.334   0.005   0.110    0.345    51200.00 0 65 0 
3000   0.261    0.003    0.149    0.314   0.005   0.110    0.304    4600.51 2 94 0 
4000   0.394    0.003    0.150    0.329   0.005   0.111    0.323    1907.55 1 21 0 
5000   0.385    0.003    0.150    0.335   0.004   0.111    0.336    51200.00 0 65 0 
6000   0.414    0.003    0.151    0.342   0.005   0.110    0.351    51200.00 0 65 0 
7000   0.437    0.003    0.151    0.349   0.005   0.110    0.366    51200.00 0 65 0 
8000   0.317    0.003    0.151    0.345   0.005   0.110    0.359    51200.00 0 65 0 
9000   0.392    0.003    0.151    0.347   0.005   0.110    0.365    216.82 2 29 0 
10000   0.301    0.003    0.151    0.341   0.005   0.110    0.357    51200.00 0 65 0 
11000   0.373    0.003    0.151    0.342   0.005   0.110    0.360    51200.00 0 65 0 
12000   0.339    0.003    0.151    0.342   0.005   0.110    0.359    1313.96 1 71 0 
13000   0.384    0.003    0.151    0.344   0.005   0.110    0.362    117.01 4 34 0 
14000   0.326    0.003    0.151    0.343   0.005   0.110    0.358    51200.00 0 66 0 
15000   0.394    0.003    0.152    0.345   0.005   0.110    0.361    51200.00 1 36 0 
16000   0.330    0.003    0.151    0.343   0.005   0.110    0.360    136.65 1 26 0 
17000   0.401    0.003    0.151    0.345   0.005   0.110    0.362    1169.41 2 29 0 
18000   0.352    0.003    0.152    0.346   0.005   0.110    0.361    46.61 2 19 0 
19000   0.331    0.003    0.151    0.345   0.005   0.110    0.359    362.09 4 50 13 
20000   0.332    0.003    0.151    0.344   0.005   0.110    0.358    51200.00 0 65 0 
0.60  cl0  0.345  0.345  0.155  0.003  0.151  cl1  0.358  0.036  0.115  0.005  0.110  189.825  -4.07     101     150     160 
class   cycles/s   pkts/s drop rate tail drop  fair drop
  0     0.345     0.345   0.155     0.003     0.151
  1     0.358     0.036   0.115     0.005     0.110
Poisson loss rate 0.001 
1000   0.239    0.004    0.137    0.238   0.004   0.116    0.240    51200.00 0 65 0 
2000   0.260    0.003    0.142    0.248   0.004   0.116    0.250    51200.00 0 65 0 
3000   0.291    0.003    0.143    0.258   0.004   0.116    0.263    51200.00 0 65 0 
4000   0.316    0.003    0.145    0.267   0.004   0.115    0.277    73.68 5 31 0 
5000   0.206    0.003    0.144    0.256   0.005   0.116    0.255    73.45 4 25 0 
6000   0.276    0.003    0.144    0.260   0.005   0.116    0.258    141.22 2 33 0 
7000   0.281    0.003    0.144    0.260   0.005   0.116    0.264    760.39 1 49 0 
8000   0.292    0.003    0.144    0.262   0.005   0.116    0.268    627.51 1 16 0 
9000   0.273    0.003    0.144    0.264   0.005   0.115    0.268    87.35 1 23 0 
10000   0.338    0.003    0.145    0.269   0.004   0.115    0.274    51200.00 0 65 0 
11000   0.352    0.003    0.146    0.274   0.004   0.115    0.279    425.27 4 61 0 
12000   0.304    0.003    0.146    0.276   0.004   0.115    0.282    216.99 2 37 0 
13000   0.300    0.003    0.146    0.276   0.004   0.115    0.285    51200.00 0 65 0 
14000   0.352    0.003    0.146    0.279   0.004   0.115    0.290    324.24 3 60 0 
15000   0.241    0.003    0.146    0.276   0.004   0.115    0.286    1548.79 1 12 0 
16000   0.282    0.003    0.146    0.276   0.004   0.115    0.286    126.09 1 12 0 
17000   0.304    0.003    0.146    0.277   0.004   0.115    0.287    51200.00 0 65 0 
18000   0.279    0.003    0.146    0.277   0.004   0.115    0.287    51200.00 0 65 0 
19000   0.275    0.003    0.146    0.277   0.004   0.115    0.286    3184.42 3 55 0 
20000   0.241    0.003    0.146    0.275   0.004   0.115    0.284    51200.00 2 42 0 
0.70  cl0  0.275  0.275  0.148  0.003  0.146  cl1  0.284  0.028  0.120  0.004  0.115  181.244  -1.85     106     161     170 
class   cycles/s   pkts/s drop rate tail drop  fair drop
  0     0.275     0.275   0.148     0.003     0.146
  1     0.284     0.028   0.120     0.004     0.115
Poisson loss rate 0.001 
1000   0.181    0.003    0.130    0.179   0.004   0.123    0.183    323.56 4 34 0 
2000   0.281    0.003    0.139    0.218   0.004   0.121    0.216    219.66 1 13 0 
3000   0.247    0.002    0.141    0.227   0.003   0.121    0.225    150.33 3 41 0 
4000   0.108    0.002    0.136    0.181   0.003   0.123    0.170    51200.00 1 40 0 
5000   0.252    0.002    0.138    0.192   0.004   0.122    0.182    51200.00 1 52 0 
6000   0.234    0.002    0.139    0.196   0.004   0.122    0.190    51200.00 1 48 0 
7000   0.223    0.002    0.139    0.200   0.004   0.121    0.194    56.94 4 21 0 
8000   0.239    0.003    0.139    0.203   0.004   0.121    0.200    130.41 6 49 0 
9000   0.183    0.002    0.139    0.200   0.004   0.121    0.198    51200.00 0 65 0 
10000   0.218    0.003    0.139    0.200   0.003   0.121    0.201    9189.37 3 74 0 
11000   0.165    0.003    0.138    0.196   0.003   0.122    0.197    52.28 6 52 0 
12000   0.179    0.003    0.137    0.194   0.004   0.122    0.195    14.75 14 56 0 
13000   0.163    0.003    0.136    0.191   0.004   0.122    0.193    316.16 1 36 0 
14000   0.161    0.003    0.136    0.189   0.004   0.122    0.189    109.65 2 28 0 
15000   0.172    0.003    0.136    0.187   0.004   0.122    0.189    44.00 6 58 0 
16000   0.144    0.003    0.136    0.185   0.004   0.123    0.185    79.24 3 35 0 
17000   0.213    0.003    0.136    0.185   0.004   0.123    0.187    51200.00 0 65 0 
18000   0.185    0.003    0.136    0.185   0.004   0.123    0.187    14.75 7 38 0 
19000   0.173    0.003    0.136    0.185   0.004   0.123    0.186    201.21 1 19 0 
20000   0.112    0.003    0.135    0.179   0.004   0.123    0.179    83.50 3 25 0 
0.80  cl0  0.179  0.179  0.138  0.003  0.135  cl1  0.179  0.018  0.127  0.004  0.123  177.165  1.57     103     169     179 
class   cycles/s   pkts/s drop rate tail drop  fair drop
  0     0.179     0.179   0.138     0.003     0.135
  1     0.179     0.018   0.127     0.004     0.123
Poisson loss rate 0.001 
1000   0.133    0.002    0.131    0.137   0.003   0.130    0.129    63.40 9 45 0 
2000   0.141    0.002    0.134    0.143   0.003   0.129    0.130    104.99 11 72 0 
3000   0.161    0.002    0.133    0.149   0.003   0.129    0.139    12.70 9 74 58 
4000   0.116    0.002    0.129    0.138   0.003   0.131    0.133    10.24 14 71 6 
5000   0.145    0.002    0.131    0.139   0.003   0.131    0.136    39.55 7 40 0 
6000   0.043    0.002    0.124    0.102   0.003   0.133    0.095    220.27 6 81 0 
7000   0.061    0.002    0.120    0.093   0.003   0.134    0.086    16.43 16 63 0 
8000   0.063    0.002    0.118    0.089   0.003   0.135    0.082    112.40 4 45 0 
9000   0.079    0.002    0.118    0.088   0.003   0.135    0.081    202.52 5 64 0 
10000   0.129    0.002    0.119    0.091   0.003   0.135    0.085    261.89 3 68 0 
11000   0.097    0.002    0.118    0.091   0.003   0.135    0.086    141.10 9 47 0 
12000   0.177    0.002    0.120    0.094   0.003   0.134    0.090    93.74 11 53 0 
13000   0.068    0.002    0.118    0.092   0.003   0.135    0.088    51200.00 9 87 0 
14000   0.131    0.002    0.118    0.093   0.003   0.135    0.090    51200.00 0 65 0 
15000   0.060    0.002    0.117    0.091   0.003   0.135    0.087    234.40 6 65 9 
16000   0.077    0.002    0.117    0.090   0.003   0.135    0.086    51200.00 1 43 0 
17000   0.096    0.002    0.117    0.090   0.003   0.135    0.087    48.05 6 49 0 
18000   0.130    0.002    0.118    0.091   0.003   0.135    0.088    613.86 2 50 0 
19000   0.145    0.002    0.118    0.093   0.003   0.135    0.090    298.11 3 41 0 
20000   0.222    0.002    0.119    0.096   0.003   0.134    0.093    188.71 5 49 0 
0.90  cl0  0.096  0.096  0.122  0.002  0.119  cl1  0.093  0.009  0.137  0.003  0.134  176.878  5.96     101     175     186 
class   cycles/s   pkts/s drop rate tail drop  fair drop
  0     0.096     0.096   0.122     0.002     0.119
  1     0.093     0.009   0.137     0.003     0.134
Poisson loss rate 0.001 
Program ended with exit code: 0


FAIR DROP: VQthresh min 10.24, max 51200.00, 
VQ updates per batch 
pktload 1.10 
flowsize 30000.00, theta 1.00, min th 10.24, max th 51200.00, buffer 512 
shares: class1 0.40, class2 0.40, class3 0.00, class4 0.00, class5 0.00, class6 0.00, single packets 0.20 
pktsize: class1 1.00, class2 10.00, class3 1.00, class4 2.00, class5 1.00, class6 2.00, single packets 1.00 o'head 0.50
rate: class1 1.50, class2 1.50, class3 1.00, class4 1.00, class5 1.00, class6 0.00 
batching: max number 256 

1000   0.886    0.001    0.173    0.829   0.001   0.094    0.956    51200.00 0 65 0 
2000   0.859    0.001    0.173    0.827   0.002   0.094    0.918    51200.00 0 65 0 
3000   0.895    0.001    0.173    0.833   0.001   0.094    0.930    51200.00 0 65 0 
4000   0.891    0.001    0.173    0.837   0.001   0.093    0.932    51200.00 0 65 0 
5000   0.889    0.001    0.173    0.838   0.001   0.093    0.935    51200.00 0 65 0 
6000   0.894    0.001    0.173    0.837   0.001   0.093    0.939    51200.00 0 65 0 
7000   0.881    0.001    0.173    0.838   0.001   0.093    0.937    51200.00 0 65 0 
8000   0.898    0.001    0.173    0.839   0.001   0.093    0.940    51200.00 0 65 0 
9000   0.895    0.001    0.173    0.839   0.001   0.093    0.942    51200.00 0 65 0 
10000   0.889    0.001    0.173    0.839   0.001   0.093    0.943    51200.00 0 65 0 
11000   0.896    0.001    0.173    0.839   0.001   0.093    0.945    21410.51 2 3 0 
12000   0.861    0.001    0.173    0.839   0.001   0.093    0.938    51200.00 0 65 0 
13000   0.881    0.001    0.173    0.838   0.001   0.093    0.938    51200.00 0 65 0 
14000   0.896    0.001    0.173    0.838   0.001   0.093    0.940    51200.00 0 65 0 
15000   0.882    0.001    0.173    0.838   0.001   0.093    0.939    51200.00 0 65 0 
16000   0.892    0.001    0.173    0.838   0.001   0.093    0.940    51200.00 1 59 0 
17000   0.889    0.001    0.173    0.838   0.001   0.093    0.940    51200.00 0 65 0 
18000   0.891    0.001    0.173    0.838   0.001   0.093    0.941    51200.00 0 65 0 
19000   0.886    0.001    0.173    0.838   0.001   0.093    0.941    51200.00 0 65 0 
20000   0.885    0.001    0.173    0.839   0.001   0.093    0.940    51200.00 0 65 0 
0.05  cl0  0.839  0.839  0.174  0.001  0.173  cl1  0.940  0.094  0.094  0.001  0.093  968.067  62.26     65     66   >1000
class   cycles/s   pkts/s drop rate tail drop  fair drop
  0     0.839     0.839   0.174     0.001     0.173
  1     0.940     0.094   0.094     0.001     0.093
Poisson loss rate 6011 269316067 0.000 
1000   0.811    0.002    0.171    0.756   0.003   0.096    0.870    51200.00 0 65 0 
2000   0.800    0.002    0.171    0.761   0.002   0.096    0.852    51200.00 0 66 0 
3000   0.819    0.002    0.170    0.766   0.002   0.096    0.857    51200.00 0 65 0 
4000   0.823    0.002    0.171    0.770   0.002   0.096    0.858    51200.00 0 65 0 
5000   0.821    0.002    0.171    0.770   0.002   0.096    0.862    51200.00 0 65 0 
6000   0.796    0.002    0.171    0.771   0.002   0.096    0.855    51200.00 0 65 0 
7000   0.816    0.002    0.171    0.771   0.002   0.096    0.856    51200.00 0 65 0 
8000   0.798    0.002    0.171    0.772   0.002   0.096    0.852    51200.00 0 65 0 
9000   0.818    0.002    0.171    0.772   0.002   0.096    0.854    51200.00 0 65 0 
10000   0.825    0.002    0.171    0.773   0.002   0.096    0.857    51200.00 0 65 0 
11000   0.794    0.002    0.171    0.771   0.002   0.096    0.854    51200.00 0 65 0 
12000   0.810    0.002    0.171    0.770   0.002   0.096    0.855    51200.00 0 65 0 
13000   0.797    0.002    0.171    0.769   0.002   0.096    0.854    316.83 1 3 0 
14000   0.806    0.002    0.171    0.769   0.002   0.096    0.854    51200.00 0 65 0 
15000   0.811    0.002    0.171    0.768   0.002   0.096    0.855    51200.00 0 65 0 
16000   0.830    0.002    0.171    0.769   0.002   0.096    0.856    51200.00 0 65 0 
17000   0.794    0.002    0.171    0.769   0.002   0.095    0.855    51200.00 0 65 0 
18000   0.800    0.002    0.171    0.768   0.002   0.096    0.855    51200.00 0 65 0 
19000   0.783    0.002    0.171    0.767   0.002   0.096    0.852    51200.00 0 65 0 
20000   0.783    0.002    0.171    0.766   0.002   0.096    0.851    51200.00 0 65 0 
0.15  cl0  0.766  0.766  0.173  0.002  0.171  cl1  0.851  0.085  0.098  0.002  0.096  396.743  59.39     65     66     69 
class   cycles/s   pkts/s drop rate tail drop  fair drop
  0     0.766     0.766   0.173     0.002     0.171
  1     0.851     0.085   0.098     0.002     0.096
Poisson loss rate 41669 274540896 0.000 
1000   0.704    0.002    0.168    0.697   0.003   0.097    0.712    51200.00 0 65 0 
2000   0.715    0.002    0.168    0.690   0.003   0.097    0.730    51200.00 0 65 0 
3000   0.702    0.002    0.168    0.683   0.003   0.097    0.733    51200.00 0 65 0 
4000   0.714    0.002    0.167    0.679   0.003   0.097    0.742    51200.00 0 65 0 
5000   0.682    0.002    0.167    0.678   0.004   0.097    0.730    51200.00 0 65 0 
6000   0.697    0.002    0.168    0.678   0.004   0.097    0.729    51200.00 0 65 0 
7000   0.695    0.002    0.167    0.678   0.004   0.097    0.726    51200.00 0 65 0 
8000   0.700    0.002    0.168    0.678   0.004   0.097    0.726    51200.00 0 65 0 
9000   0.708    0.002    0.167    0.677   0.004   0.097    0.728    51200.00 0 65 0 
10000   0.714    0.002    0.167    0.677   0.004   0.097    0.731    51200.00 0 65 0 
11000   0.704    0.002    0.167    0.679   0.004   0.097    0.729    51200.00 0 65 0 
12000   0.695    0.002    0.167    0.678   0.004   0.097    0.729    589.69 1 3 0 
13000   0.720    0.002    0.167    0.678   0.004   0.097    0.731    51200.00 0 66 0 
14000   0.716    0.002    0.167    0.679   0.004   0.097    0.732    51200.00 0 65 0 
15000   0.726    0.002    0.167    0.680   0.004   0.097    0.734    706.22 1 5 0 
16000   0.653    0.003    0.167    0.677   0.004   0.097    0.729    51200.00 0 65 0 
17000   0.698    0.003    0.167    0.676   0.004   0.097    0.729    51200.00 0 65 0 
18000   0.708    0.003    0.167    0.677   0.004   0.097    0.728    51200.00 0 65 0 
19000   0.731    0.003    0.167    0.677   0.004   0.097    0.731    51200.00 0 65 0 
20000   0.721    0.003    0.167    0.677   0.004   0.097    0.733    51200.00 0 65 0 
0.25  cl0  0.677  0.677  0.170  0.003  0.167  cl1  0.733  0.073  0.101  0.004  0.097  281.626  57.93     65     87     98 
class   cycles/s   pkts/s drop rate tail drop  fair drop
  0     0.677     0.677   0.170     0.003     0.167
  1     0.733     0.073   0.101     0.004     0.097
Poisson loss rate 96320 274210551 0.000 
1000   0.592    0.003    0.164    0.581   0.004   0.100    0.603    51200.00 0 65 0 
2000   0.631    0.003    0.164    0.590   0.004   0.099    0.631    210.84 1 8 0 
3000   0.579    0.003    0.164    0.585   0.004   0.099    0.614    51200.00 0 65 0 
4000   0.626    0.003    0.164    0.585   0.004   0.099    0.627    51200.00 0 65 0 
5000   0.569    0.003    0.164    0.583   0.005   0.099    0.612    51200.00 0 66 0 
6000   0.631    0.003    0.164    0.584   0.005   0.100    0.622    104.31 1 17 0 
7000   0.587    0.003    0.164    0.584   0.004   0.100    0.617    51200.00 0 65 0 
8000   0.584    0.003    0.164    0.583   0.005   0.100    0.615    51200.00 0 65 0 
9000   0.369    0.019    0.224    0.528   0.021   0.142    0.601    534.10 3 3 0 
10000   0.201    0.048    0.314    0.430   0.050   0.255    0.541    51200.00 2 2 0 
11000   0.228    0.063    0.372    0.381   0.078   0.343    0.500    51200.00 1 1 0 
12000   0.222    0.073    0.414    0.346   0.090   0.402    0.470    51200.00 1 1 0 
13000   0.223    0.081    0.446    0.320   0.097   0.434    0.453    51200.00 1 1 0 
14000   0.225    0.086    0.468    0.303   0.106   0.447    0.436    51200.00 1 1 0 
15000   0.226    0.090    0.484    0.290   0.111   0.462    0.422    51200.00 1 1 0 
16000   0.222    0.093    0.495    0.279   0.113   0.472    0.415    51200.00 1 1 0 
17000   0.237    0.095    0.506    0.270   0.116   0.477    0.411    51200.00 1 1 0 
18000   0.215    0.098    0.514    0.261   0.120   0.485    0.404    94.20 2 2 0 
19000   0.222    0.100    0.522    0.255   0.122   0.491    0.399    51200.00 1 1 0 
20000   0.226    0.102    0.531    0.248   0.127   0.502    0.392    51200.00 2 2 0 
0.35  cl0  0.248  0.248  0.633  0.102  0.531  cl1  0.392  0.039  0.628  0.127  0.501  223.764  25.53     65     104     116 
class   cycles/s   pkts/s drop rate tail drop  fair drop
  0     0.248     0.248   0.633     0.102     0.531
  1     0.392     0.039   0.628     0.127     0.501
Poisson loss rate 65825 117002393 0.001 
1000   0.520    0.003    0.161    0.495   0.004   0.103    0.545    51200.00 1 42 0 
2000   0.478    0.003    0.160    0.469   0.004   0.103    0.530    51200.00 0 65 0 
3000   0.507    0.003    0.160    0.479   0.004   0.104    0.525    51200.00 1 39 0 
4000   0.519    0.003    0.160    0.479   0.004   0.104    0.535    109.12 2 21 0 
5000   0.521    0.003    0.160    0.483   0.004   0.104    0.536    51200.00 2 15 0 
6000   0.503    0.003    0.160    0.484   0.005   0.104    0.534    110.73 1 25 0 
7000   0.506    0.003    0.160    0.485   0.005   0.104    0.531    51200.00 0 66 0 
8000   0.530    0.003    0.160    0.487   0.005   0.104    0.536    218.59 2 16 0 
9000   0.434    0.003    0.160    0.484   0.005   0.104    0.517    51200.00 0 65 0 
10000   0.504    0.003    0.160    0.485   0.005   0.104    0.517    51200.00 0 65 0 
11000   0.550    0.003    0.160    0.487   0.005   0.104    0.523    116.25 2 17 0 
12000   0.466    0.003    0.159    0.484   0.005   0.104    0.518    226.64 1 12 0 
13000   0.351    0.003    0.152    0.468   0.004   0.099    0.503    51200.00 2 15 0 
14000   0.326    0.003    0.142    0.454   0.004   0.093    0.486    51200.00 1 65 0 
15000   0.324    0.003    0.134    0.442   0.004   0.088    0.471    51200.00 1 65 0 
16000   0.296    0.002    0.127    0.430   0.004   0.083    0.452    51200.00 2 16 0 
17000   0.330    0.002    0.120    0.423   0.004   0.079    0.443    51200.00 1 65 0 
18000   0.351    0.002    0.114    0.418   0.003   0.075    0.438    51200.00 1 65 0 
19000   0.323    0.002    0.109    0.412   0.003   0.072    0.430    51200.00 1 65 0 
20000   0.308    0.002    0.104    0.405   0.003   0.068    0.421    51200.00 2 18 0 
0.45  cl0  0.405  0.405  0.106  0.002  0.104  cl1  0.421  0.042  0.072  0.003  0.068  175.484  50.69     65     125     137 
class   cycles/s   pkts/s drop rate tail drop  fair drop
  0     0.405     0.405   0.106     0.002     0.104
  1     0.421     0.042   0.072     0.003     0.068
Poisson loss rate 140546 270608849 0.001 
1000   0.475    0.003    0.155    0.434   0.004   0.106    0.521    51200.00 0 65 0 
2000   0.418    0.003    0.154    0.424   0.004   0.107    0.467    51200.00 0 65 0 
3000   0.459    0.003    0.154    0.427   0.004   0.107    0.473    51200.00 6 45 0 
4000   0.382    0.003    0.154    0.412   0.004   0.108    0.451    51200.00 0 65 0 
5000   0.408    0.003    0.154    0.407   0.005   0.108    0.446    51200.00 0 66 0 
6000   0.413    0.003    0.154    0.406   0.005   0.107    0.442    30.95 2 33 17 
7000   0.476    0.003    0.155    0.411   0.005   0.107    0.450    260.61 1 22 0 
8000   0.441    0.003    0.155    0.412   0.005   0.107    0.452    51200.00 0 65 0 
9000   0.419    0.003    0.155    0.410   0.005   0.107    0.452    2274.22 3 37 0 
10000   0.459    0.003    0.155    0.412   0.005   0.107    0.456    51200.00 1 34 0 
11000   0.438    0.003    0.155    0.412   0.005   0.107    0.456    83.63 3 19 0 
12000   0.436    0.003    0.156    0.413   0.005   0.107    0.456    174.56 1 16 0 
13000   0.352    0.003    0.155    0.408   0.005   0.107    0.444    183.05 4 47 0 
14000   0.419    0.003    0.155    0.408   0.005   0.107    0.444    51200.00 0 65 0 
15000   0.389    0.003    0.155    0.405   0.005   0.107    0.441    377.12 2 24 0 
16000   0.420    0.003    0.155    0.405   0.005   0.107    0.440    51200.00 0 65 0 
17000   0.468    0.003    0.155    0.408   0.005   0.107    0.443    51200.00 0 65 0 
18000   0.420    0.003    0.155    0.407   0.005   0.107    0.443    51200.00 0 65 0 
19000   0.444    0.003    0.155    0.408   0.005   0.107    0.443    51200.00 1 55 0 
20000   0.439    0.003    0.155    0.409   0.005   0.107    0.444    47.60 5 22 0 
0.55  cl0  0.409  0.409  0.158  0.003  0.155  cl1  0.444  0.044  0.112  0.005  0.107  195.291  59.21     97     143     152 
class   cycles/s   pkts/s drop rate tail drop  fair drop
  0     0.409     0.409   0.158     0.003     0.155
  1     0.444     0.044   0.112     0.005     0.107
Poisson loss rate 281448 271500617 0.001 
1000   0.236    0.003    0.137    0.232   0.004   0.116    0.240    51200.00 1 54 0 
2000   0.266    0.003    0.142    0.254   0.004   0.116    0.245    51200.00 0 65 0 
3000   0.258    0.003    0.144    0.257   0.004   0.116    0.247    51200.00 0 65 0 
4000   0.356    0.003    0.145    0.274   0.004   0.116    0.269    51200.00 0 65 0 
5000   0.341    0.003    0.146    0.283   0.004   0.115    0.281    51200.00 0 65 0 
6000   0.334    0.003    0.146    0.289   0.004   0.115    0.292    51200.00 0 65 0 
7000   0.332    0.003    0.147    0.294   0.004   0.114    0.297    902.14 2 34 0 
8000   0.249    0.003    0.146    0.290   0.004   0.115    0.288    392.27 2 20 0 
9000   0.362    0.003    0.146    0.295   0.004   0.114    0.296    126.30 1 8 0 
10000   0.372    0.003    0.147    0.300   0.004   0.114    0.303    102.17 4 19 0 
11000   0.263    0.003    0.147    0.298   0.004   0.114    0.296    81.59 2 27 0 
12000   0.262    0.003    0.147    0.296   0.004   0.114    0.292    51200.00 0 65 0 
13000   0.311    0.003    0.147    0.297   0.004   0.114    0.294    51200.00 0 65 0 
14000   0.344    0.003    0.147    0.299   0.004   0.114    0.297    164.24 1 17 0 
15000   0.356    0.003    0.148    0.302   0.004   0.114    0.300    50.80 4 28 0 
16000   0.243    0.003    0.147    0.297   0.004   0.114    0.296    1329.00 1 95 0 
17000   0.324    0.003    0.147    0.298   0.004   0.114    0.298    51200.00 0 65 0 
18000   0.375    0.003    0.147    0.301   0.004   0.114    0.301    51200.00 0 65 0 
19000   0.344    0.003    0.147    0.303   0.004   0.114    0.304    198.70 2 23 0 
20000   0.284    0.003    0.148    0.302   0.004   0.114    0.302    51200.00 0 65 0 
0.65  cl0  0.302  0.302  0.151  0.003  0.148  cl1  0.302  0.030  0.118  0.004  0.114  184.870  60.14     103     155     165 
class   cycles/s   pkts/s drop rate tail drop  fair drop
  0     0.302     0.302   0.151     0.003     0.148
  1     0.302     0.030   0.118     0.004     0.114
Poisson loss rate 305273 269726848 0.001 
1000   0.251    0.003    0.146    0.248   0.005   0.118    0.255    51200.00 0 65 0 
2000   0.192    0.003    0.139    0.214   0.004   0.119    0.219    51200.00 1 48 0 
3000   0.244    0.003    0.139    0.220   0.004   0.120    0.231    30.07 5 42 0 
4000   0.242    0.003    0.139    0.223   0.004   0.120    0.235    51200.00 0 65 0 
5000   0.244    0.003    0.139    0.227   0.004   0.119    0.237    51200.00 0 66 0 
6000   0.217    0.003    0.140    0.228   0.004   0.119    0.231    51200.00 0 65 0 
7000   0.225    0.003    0.140    0.227   0.004   0.119    0.231    51200.00 0 65 0 
8000   0.245    0.003    0.140    0.228   0.004   0.119    0.233    315.65 5 44 0 
9000   0.213    0.003    0.140    0.225   0.004   0.119    0.231    51200.00 2 42 0 
10000   0.276    0.003    0.140    0.229   0.004   0.119    0.236    112.04 3 38 0 
11000   0.260    0.003    0.141    0.230   0.004   0.119    0.239    316.83 1 22 0 
12000   0.218    0.003    0.141    0.229   0.004   0.119    0.238    36864.00 4 87 0 
13000   0.179    0.003    0.140    0.225   0.004   0.119    0.230    51200.00 0 65 0 
14000   0.227    0.003    0.140    0.225   0.004   0.119    0.230    292.58 5 30 0 
15000   0.277    0.003    0.140    0.227   0.004   0.119    0.233    48.01 5 27 0 
16000   0.153    0.003    0.140    0.222   0.004   0.119    0.224    51200.00 0 65 0 
17000   0.266    0.003    0.140    0.224   0.004   0.119    0.226    143.30 3 32 0 
18000   0.281    0.003    0.141    0.226   0.004   0.119    0.229    51200.00 0 65 0 
19000   0.249    0.003    0.141    0.227   0.004   0.119    0.230    51200.00 0 65 0 
20000   0.261    0.003    0.141    0.228   0.004   0.119    0.232    23.63 11 44 0 
0.75  cl0  0.228  0.228  0.144  0.003  0.141  cl1  0.232  0.023  0.123  0.004  0.119  177.780  61.99     103     165     175 
class   cycles/s   pkts/s drop rate tail drop  fair drop
  0     0.228     0.228   0.144     0.003     0.141
  1     0.232     0.023   0.123     0.004     0.119
Poisson loss rate 312273 274078404 0.001 
1000   0.119    0.002    0.126    0.120   0.004   0.130    0.118    51200.00 0 65 0 
2000   0.086    0.003    0.117    0.101   0.003   0.132    0.097    331.01 4 69 0 
3000   0.160    0.003    0.120    0.115   0.003   0.131    0.112    398.05 5 88 0 
4000   0.160    0.003    0.120    0.121   0.003   0.129    0.124    117.82 2 24 0 
5000   0.099    0.003    0.119    0.116   0.003   0.129    0.117    175.26 13 75 0 
6000   0.136    0.003    0.119    0.120   0.003   0.129    0.120    471.09 9 47 0 
7000   0.173    0.003    0.121    0.124   0.004   0.128    0.126    22332.54 4 26 0 
8000   0.153    0.003    0.121    0.126   0.004   0.128    0.129    276.88 4 70 10 
9000   0.210    0.003    0.123    0.132   0.004   0.128    0.135    51200.00 0 65 0 
10000   0.143    0.003    0.123    0.133   0.004   0.128    0.136    400.79 5 62 26 
11000   0.110    0.003    0.123    0.131   0.004   0.128    0.133    226.08 3 46 0 
12000   0.157    0.003    0.123    0.132   0.004   0.128    0.134    436.48 3 46 0 
13000   0.263    0.003    0.125    0.138   0.004   0.128    0.138    29.11 4 32 0 
14000   0.117    0.003    0.125    0.136   0.004   0.128    0.136    51200.00 0 65 0 
15000   0.153    0.003    0.125    0.137   0.004   0.128    0.137    169.04 10 74 0 
16000   0.104    0.002    0.125    0.135   0.004   0.128    0.134    143.53 1 26 0 
17000   0.163    0.002    0.125    0.136   0.004   0.128    0.136    580.42 1 17 0 
18000   0.219    0.002    0.126    0.139   0.004   0.128    0.138    51200.00 0 65 0 
19000   0.123    0.002    0.126    0.139   0.003   0.128    0.137    51200.00 0 65 0 
20000   0.201    0.002    0.127    0.140   0.004   0.128    0.139    164.51 4 35 0 
0.85  cl0  0.140  0.140  0.129  0.002  0.127  cl1  0.139  0.014  0.131  0.004  0.128  177.296  65.60     102     173     182 
class   cycles/s   pkts/s drop rate tail drop  fair drop
  0     0.140     0.140   0.129     0.002     0.127
  1     0.139     0.014   0.131     0.004     0.128
Poisson loss rate 315892 274922928 0.001 
1000   0.034    0.004    0.070    0.032   0.003   0.145    0.036    10.24 50 136 133 
2000   0.014    0.010    0.044    0.021   0.008   0.149    0.019    10.24 35 93 112 
3000   0.047    0.007    0.062    0.026   0.006   0.148    0.023    169.59 25 70 0 
4000   0.057    0.006    0.073    0.030   0.006   0.147    0.027    51200.00 0 65 0 
5000   0.091    0.005    0.083    0.035   0.005   0.146    0.031    126.19 16 81 0 
6000   0.094    0.005    0.088    0.039   0.005   0.145    0.035    30.58 14 65 0 
7000   0.051    0.004    0.089    0.041   0.004   0.145    0.036    101.76 4 53 0 
8000   0.043    0.004    0.090    0.041   0.004   0.145    0.036    227.19 10 64 0 
9000   0.103    0.004    0.094    0.044   0.004   0.144    0.039    104.99 7 42 0 
10000   0.118    0.004    0.097    0.047   0.004   0.143    0.042    51200.00 0 65 0 
11000   0.120    0.003    0.100    0.050   0.004   0.142    0.044    523.52 4 31 0 
12000   0.071    0.003    0.100    0.051   0.004   0.143    0.046    11.78 13 102 14 
13000   0.018    0.004    0.095    0.045   0.004   0.144    0.041    10.24 65 115 232 
14000   0.025    0.004    0.093    0.043   0.004   0.145    0.038    196.29 16 74 0 
15000   0.025    0.004    0.091    0.041   0.004   0.145    0.037    272.62 14 62 0 
16000   0.042    0.004    0.091    0.041   0.004   0.145    0.037    157.77 16 92 0 
17000   0.123    0.004    0.093    0.043   0.004   0.145    0.038    51200.00 0 65 0 
18000   0.089    0.004    0.094    0.044   0.004   0.144    0.039    579.97 2 60 0 
19000   0.061    0.004    0.095    0.045   0.004   0.144    0.040    68.16 21 71 0 
20000   0.035    0.004    0.094    0.045   0.004   0.144    0.040    23.67 16 73 0 
0.95  cl0  0.045  0.045  0.097  0.004  0.094  cl1  0.040  0.004  0.148  0.004  0.144  209.108  80.63     120     174     189 
class   cycles/s   pkts/s drop rate tail drop  fair drop
  0     0.045     0.045   0.097     0.004     0.094
  1     0.040     0.004   0.148     0.004     0.144
Poisson loss rate 487137 274875675 0.002 
Program ended with exit code: 0


FAIR DROP: VQthresh min 10.24, max 51200.00, 
VQ updates per batch 
pktload 1.10 
flowsize 30000.00, theta 1.00, min th 10.24, max th 51200.00, buffer 512 
shares: class1 0.40, class2 0.40, class3 0.00, class4 0.00, class5 0.00, class6 0.00, single packets 0.20 
pktsize: class1 1.00, class2 10.00, class3 1.00, class4 2.00, class5 1.00, class6 2.00, single packets 1.00 o'head 0.50
rate: class1 1.50, class2 1.50, class3 1.00, class4 1.00, class5 1.00, class6 0.00 
batching: max number 256 

1000   0.626    0.002    0.166    0.597   0.003   0.100    0.667    51200.00 2 26 0 
2000   0.627    0.002    0.165    0.602   0.003   0.100    0.655    117.68 1 7 0 
3000   0.584    0.003    0.164    0.589   0.004   0.100    0.632    140.99 1 6 0 
4000   0.600    0.003    0.165    0.592   0.004   0.100    0.624    51200.00 0 65 0 
5000   0.600    0.003    0.165    0.592   0.004   0.100    0.621    51200.00 1 23 0 
6000   0.610    0.003    0.165    0.593   0.004   0.100    0.621    51200.00 0 65 0 
7000   0.613    0.003    0.164    0.593   0.004   0.100    0.623    51200.00 1 35 0 
8000   0.575    0.003    0.164    0.592   0.004   0.100    0.615    51200.00 0 65 0 
9000   0.647    0.003    0.165    0.593   0.004   0.099    0.623    51200.00 0 65 0 
10000   0.592    0.003    0.164    0.590   0.004   0.100    0.623    51200.00 0 65 0 
11000   0.562    0.003    0.164    0.587   0.004   0.100    0.616    220.02 2 9 0 
12000   0.584    0.003    0.164    0.585   0.004   0.100    0.615    51200.00 0 65 0 
13000   0.624    0.003    0.164    0.587   0.004   0.100    0.617    51200.00 0 65 0 
14000   0.607    0.003    0.164    0.588   0.004   0.100    0.616    51200.00 0 66 0 
15000   0.663    0.003    0.164    0.591   0.004   0.100    0.621    51200.00 0 65 0 
16000   0.605    0.003    0.164    0.590   0.005   0.100    0.621    51200.00 0 66 0 
17000   0.625    0.003    0.164    0.590   0.005   0.100    0.623    51200.00 0 65 0 
18000   0.595    0.003    0.164    0.589   0.005   0.100    0.623    51200.00 0 65 0 
19000   0.597    0.003    0.164    0.588   0.005   0.100    0.623    51200.00 0 65 0 
20000   0.642    0.003    0.164    0.589   0.005   0.099    0.626    51200.00 0 65 0 
0.35  cl0  0.589  0.589  0.167  0.003  0.164  cl1  0.626  0.063  0.104  0.005  0.099  236.252  57.58     66     110     120 
class   cycles/s   pkts/s drop rate tail drop  fair drop
  0     0.589     0.589   0.167     0.003     0.164
  1     0.626     0.063   0.104     0.005     0.099
Poisson loss rate 156403 275495797 0.001 
1000   0.528    0.003    0.162    0.507   0.003   0.102    0.553    51200.00 1 31 0 
2000   0.421    0.003    0.160    0.469   0.003   0.103    0.465    51200.00 0 65 0 
3000   0.569    0.003    0.161    0.495   0.004   0.103    0.496    51200.00 0 65 0 
4000   0.493    0.003    0.160    0.489   0.004   0.103    0.500    1320.39 2 44 0 
5000   0.525    0.003    0.160    0.491   0.004   0.103    0.510    51200.00 0 66 0 
6000   0.536    0.003    0.161    0.493   0.004   0.103    0.520    3194.80 2 45 0 
7000   0.539    0.003    0.161    0.496   0.004   0.103    0.526    51200.00 1 32 0 
8000   0.531    0.003    0.161    0.496   0.005   0.103    0.530    51200.00 0 65 0 
9000   0.501    0.003    0.160    0.492   0.004   0.103    0.532    51200.00 0 65 0 
10000   0.468    0.003    0.160    0.489   0.004   0.104    0.526    157.51 3 19 0 
11000   0.562    0.003    0.161    0.493   0.004   0.104    0.530    118.26 1 12 0 
12000   0.522    0.003    0.161    0.494   0.004   0.103    0.531    51200.00 0 65 0 
13000   0.548    0.003    0.161    0.496   0.004   0.103    0.535    51200.00 1 39 0 
14000   0.449    0.003    0.161    0.493   0.005   0.103    0.527    51200.00 0 65 0 
15000   0.519    0.003    0.161    0.493   0.004   0.103    0.528    906.55 1 16 0 
16000   0.504    0.003    0.161    0.492   0.004   0.103    0.528    274.63 5 43 0 
17000   0.522    0.003    0.161    0.493   0.004   0.103    0.528    51200.00 0 65 0 
18000   0.522    0.003    0.161    0.493   0.004   0.103    0.530    51200.00 0 65 0 
19000   0.465    0.003    0.160    0.491   0.004   0.103    0.526    86.29 1 7 0 
20000   0.532    0.003    0.160    0.493   0.004   0.103    0.527    51200.00 0 65 0 
0.45  cl0  0.493  0.493  0.163  0.003  0.160  cl1  0.527  0.053  0.108  0.004  0.103  209.130  57.52     73     128     138 
class   cycles/s   pkts/s drop rate tail drop  fair drop
  0     0.493     0.493   0.163     0.003     0.160
  1     0.527     0.053   0.108     0.004     0.103
Poisson loss rate 213788 272025942 0.001 
1000   0.416    0.003    0.155    0.407   0.004   0.106    0.425    21.60 8 30 0 
2000   0.368    0.003    0.154    0.397   0.004   0.107    0.386    51200.00 0 65 0 
3000   0.466    0.003    0.154    0.405   0.004   0.107    0.421    51200.00 0 66 0 
4000   0.393    0.003    0.154    0.400   0.004   0.107    0.415    51200.00 0 65 0 
5000   0.331    0.003    0.154    0.389   0.004   0.107    0.389    810.77 1 11 0 
6000   0.472    0.003    0.154    0.398   0.004   0.107    0.403    51200.00 0 65 0 
7000   0.439    0.003    0.154    0.399   0.004   0.107    0.412    51200.00 0 65 0 
8000   0.477    0.003    0.155    0.405   0.004   0.107    0.420    1261.15 2 38 0 
9000   0.445    0.003    0.155    0.409   0.004   0.107    0.423    88.96 3 16 0 
10000   0.473    0.003    0.155    0.412   0.004   0.107    0.430    51200.00 0 65 0 
11000   0.430    0.003    0.155    0.412   0.004   0.107    0.432    51200.00 0 65 0 
12000   0.453    0.003    0.156    0.413   0.004   0.107    0.435    51200.00 1 38 0 
13000   0.352    0.003    0.155    0.409   0.005   0.107    0.425    51200.00 0 65 0 
14000   0.414    0.003    0.155    0.410   0.005   0.107    0.423    391.63 2 31 0 
15000   0.393    0.003    0.155    0.408   0.005   0.107    0.422    51200.00 1 46 0 
16000   0.433    0.003    0.155    0.408   0.004   0.107    0.423    51200.00 1 42 0 
17000   0.413    0.003    0.155    0.408   0.004   0.107    0.423    51200.00 1 48 0 
18000   0.393    0.003    0.155    0.406   0.005   0.107    0.423    140.87 3 19 0 
19000   0.500    0.003    0.155    0.408   0.005   0.107    0.427    28.03 3 21 0 
20000   0.453    0.003    0.155    0.410   0.005   0.107    0.429    1219.77 1 12 0 
0.55  cl0  0.410  0.410  0.158  0.003  0.155  cl1  0.429  0.043  0.112  0.005  0.107  195.101  59.19     95     144     153 
class   cycles/s   pkts/s drop rate tail drop  fair drop
  0     0.410     0.410   0.158     0.003     0.155
  1     0.429     0.043   0.112     0.005     0.107
Poisson loss rate 269727 275919696 0.001 


1000   0.284    0.003    0.143    0.265   0.004   0.116    0.306    43.13 10 62 0 
2000   0.159    0.003    0.137    0.206   0.004   0.120    0.200    51200.00 0 65 0 
3000   0.175    0.003    0.134    0.196   0.005   0.120    0.189    331.17 2 31 0 
4000   0.272    0.003    0.137    0.210   0.004   0.120    0.204    260.19 2 34 0 
5000   0.140    0.003    0.134    0.192   0.004   0.121    0.185    394.19 10 106 59 
6000   0.203    0.003    0.136    0.196   0.004   0.121    0.186    61.53 3 31 0 
7000   0.269    0.003    0.137    0.203   0.004   0.121    0.195    131.47 12 54 0 
8000   0.257    0.003    0.138    0.208   0.004   0.121    0.201    51200.00 0 65 0 
9000   0.331    0.003    0.139    0.217   0.004   0.120    0.208    990.48 3 96 0 
10000   0.287    0.003    0.140    0.222   0.004   0.120    0.214    51200.00 0 65 0 
11000   0.276    0.003    0.141    0.226   0.004   0.120    0.218    462.74 4 35 0 
12000   0.311    0.003    0.142    0.231   0.004   0.120    0.222    71.42 2 34 0 
13000   0.254    0.003    0.142    0.232   0.004   0.120    0.225    40.83 8 56 0 
14000   0.249    0.003    0.142    0.233   0.004   0.120    0.227    51200.00 0 66 0 
15000   0.257    0.003    0.142    0.234   0.004   0.119    0.229    699.36 1 28 0 
16000   0.279    0.003    0.142    0.236   0.004   0.119    0.232    51200.00 0 65 0 
17000   0.203    0.003    0.142    0.233   0.004   0.119    0.231    403.73 4 33 0 
18000   0.278    0.003    0.142    0.235   0.004   0.119    0.234    107.66 6 42 0 
19000   0.258    0.003    0.142    0.237   0.004   0.119    0.234    352.54 2 57 0 
20000   0.215    0.003    0.142    0.235   0.004   0.119    0.233    4487.47 3 39 0 
0.75  cl0  0.235  0.235  0.144  0.003  0.142  cl1  0.233  0.023  0.123  0.004  0.119  176.657  62.06     104     165     175 
class   cycles/s   pkts/s drop rate tail drop  fair drop
  0     0.235     0.235   0.144     0.003     0.142
  1     0.233     0.023   0.123     0.004     0.119
Poisson loss rate 317344 273719663 0.001 


FAIR DROP: VQthresh min 10.24, max 51200.00, 
VQ updates per batch 
pktload 1.10 
flowsize 30000.00, theta 1.00, min th 10.24, max th 51200.00, buffer 512 
shares: class1 0.40, class2 0.40, class3 0.00, class4 0.00, class5 0.00, class6 0.00, single packets 0.20 
pktsize: class1 1.00, class2 10.00, class3 1.00, class4 2.00, class5 1.00, class6 2.00, single packets 1.00 o'head 0.50
rate: class1 1.50, class2 1.50, class3 1.00, class4 1.00, class5 1.00, class6 0.00 
batching: max number 256 

1000   0.552    0.003    0.162    0.532   0.004   0.101    0.574    51200.00 0 65 0 
2000   0.524    0.003    0.161    0.523   0.005   0.102    0.554    51200.00 0 65 0 
3000   0.572    0.003    0.162    0.531   0.004   0.102    0.567    51200.00 0 65 0 
4000   0.528    0.003    0.162    0.528   0.005   0.102    0.559    51200.00 0 65 0 
5000   0.606    0.003    0.162    0.535   0.005   0.102    0.576    421.67 1 19 0 
6000   0.590    0.003    0.162    0.541   0.005   0.102    0.580    51200.00 0 65 0 
7000   0.549    0.003    0.162    0.541   0.005   0.102    0.577    51200.00 0 65 0 
8000   0.496    0.003    0.162    0.533   0.005   0.102    0.567    181.78 1 14 0 
9000   0.579    0.003    0.162    0.535   0.005   0.102    0.572    51200.00 0 65 0 
10000   0.561    0.003    0.162    0.535   0.005   0.102    0.574    51200.00 0 65 0 
11000   0.589    0.003    0.162    0.538   0.005   0.102    0.576    51200.00 0 65 0 
12000   0.541    0.003    0.162    0.539   0.005   0.102    0.572    51200.00 0 65 0 
13000   0.579    0.003    0.162    0.540   0.005   0.102    0.575    309.70 5 21 0 
14000   0.574    0.003    0.162    0.540   0.005   0.102    0.577    51200.00 0 65 0 
15000   0.539    0.003    0.162    0.539   0.005   0.102    0.575    51200.00 0 65 0 
16000   0.534    0.003    0.162    0.538   0.005   0.102    0.574    54.74 2 12 0 
17000   0.558    0.003    0.162    0.538   0.005   0.102    0.574    51200.00 0 66 0 
18000   0.596    0.003    0.162    0.539   0.005   0.102    0.577    51200.00 0 65 0 
19000   0.607    0.003    0.162    0.540   0.005   0.102    0.581    51200.00 1 27 0 
20000   0.579    0.003    0.162    0.541   0.005   0.102    0.582    51200.00 1 34 0 
0.40  cl0  0.541  0.541  0.165  0.003  0.162  cl1  0.582  0.058  0.106  0.005  0.102  219.588  -5.84     66     120     130 
class   cycles/s   pkts/s drop rate tail drop  fair drop
  0     0.541     0.541   0.165     0.003     0.162
  1     0.582     0.058   0.106     0.005     0.102
Poisson loss rate 0.001 
1000   0.467    0.002    0.161    0.432   0.004   0.106    0.514    51200.00 0 65 0 
2000   0.440    0.003    0.159    0.432   0.005   0.106    0.477    51200.00 1 33 0 
3000   0.394    0.003    0.157    0.418   0.006   0.106    0.444    51200.00 0 65 0 
4000   0.513    0.003    0.158    0.434   0.005   0.106    0.463    216.47 3 38 0 
5000   0.446    0.003    0.158    0.432   0.005   0.106    0.465    51200.00 0 65 0 
6000   0.461    0.003    0.158    0.435   0.005   0.106    0.466    51200.00 0 65 0 
7000   0.410    0.003    0.157    0.431   0.006   0.106    0.455    51200.00 0 65 0 
8000   0.452    0.003    0.157    0.432   0.005   0.106    0.456    376.50 1 11 0 
9000   0.458    0.003    0.157    0.432   0.005   0.106    0.459    51200.00 0 65 0 
10000   0.487    0.003    0.157    0.434   0.005   0.106    0.465    51200.00 1 29 0 
11000   0.454    0.003    0.157    0.434   0.005   0.106    0.466    51200.00 0 65 0 
12000   0.449    0.003    0.157    0.434   0.005   0.106    0.466    51200.00 0 65 0 
13000   0.498    0.003    0.157    0.438   0.005   0.106    0.468    211.18 1 17 0 
14000   0.487    0.003    0.157    0.439   0.005   0.106    0.472    51200.00 0 65 0 
15000   0.446    0.003    0.157    0.441   0.005   0.106    0.469    203.35 4 37 0 
16000   0.482    0.003    0.157    0.442   0.005   0.106    0.470    51200.00 0 65 0 
17000   0.487    0.003    0.157    0.444   0.005   0.106    0.472    51200.00 0 65 0 
18000   0.421    0.003    0.157    0.443   0.005   0.106    0.469    749.93 1 13 0 
19000   0.410    0.003    0.157    0.442   0.005   0.106    0.464    51200.00 0 65 0 
20000   0.419    0.003    0.157    0.441   0.005   0.106    0.462    1487.72 4 18 0 
0.50  cl0  0.441  0.441  0.160  0.003  0.157  cl1  0.462  0.046  0.111  0.005  0.106  200.662  -5.91     85     137     146 
class   cycles/s   pkts/s drop rate tail drop  fair drop
  0     0.441     0.441   0.160     0.003     0.157
  1     0.462     0.046   0.111     0.005     0.106
Poisson loss rate 0.001 
1000   0.422    0.003    0.154    0.395   0.005   0.108    0.453    50.18 2 17 0 
2000   0.324    0.003    0.153    0.367   0.005   0.110    0.368    51200.00 0 65 0 
3000   0.382    0.003    0.153    0.365   0.005   0.110    0.380    129.35 1 10 0 
4000   0.465    0.003    0.154    0.381   0.004   0.109    0.403    51200.00 0 65 0 
5000   0.348    0.003    0.153    0.373   0.005   0.109    0.390    51200.00 0 65 0 
6000   0.353    0.003    0.153    0.369   0.005   0.109    0.383    51200.00 1 38 0 
7000   0.311    0.003    0.152    0.361   0.005   0.110    0.368    51200.00 0 65 0 
8000   0.370    0.003    0.151    0.358   0.005   0.109    0.373    288.00 4 44 0 
9000   0.357    0.003    0.151    0.358   0.005   0.110    0.371    51200.00 1 40 0 
10000   0.373    0.003    0.151    0.358   0.005   0.110    0.372    282.89 1 17 0 
11000   0.359    0.003    0.151    0.357   0.005   0.110    0.372    309.08 2 36 0 
12000   0.385    0.003    0.151    0.358   0.005   0.110    0.374    51.61 4 25 0 
13000   0.391    0.003    0.151    0.359   0.005   0.110    0.378    51200.00 2 38 0 
14000   0.375    0.003    0.152    0.360   0.005   0.110    0.377    51200.00 0 65 0 
15000   0.411    0.003    0.152    0.363   0.005   0.110    0.380    397.21 3 30 0 
16000   0.282    0.003    0.151    0.358   0.005   0.110    0.369    133.24 1 15 0 
17000   0.319    0.003    0.151    0.355   0.005   0.110    0.365    51200.00 0 65 0 
18000   0.327    0.003    0.151    0.354   0.005   0.110    0.363    2078.13 5 67 0 
19000   0.385    0.003    0.151    0.355   0.005   0.110    0.365    236.51 2 43 6 
20000   0.374    0.003    0.151    0.354   0.005   0.110    0.367    770.35 2 73 0 
0.60  cl0  0.354  0.354  0.154  0.003  0.151  cl1  0.367  0.037  0.114  0.005  0.110  191.269  -3.75     103     150     160 
class   cycles/s   pkts/s drop rate tail drop  fair drop
  0     0.354     0.354   0.154     0.003     0.151
  1     0.367     0.037   0.114     0.005     0.110
Poisson loss rate 0.001 

1000   0.185    0.003    0.136    0.180   0.004   0.120    0.189    30.58 8 28 0 
2000   0.212    0.003    0.136    0.192   0.003   0.121    0.203    47.18 10 71 4 
3000   0.224    0.003    0.136    0.197   0.003   0.121    0.214    581.37 4 31 0 
4000   0.215    0.003    0.136    0.200   0.003   0.121    0.216    46.99 7 106 30 
5000   0.226    0.003    0.138    0.203   0.003   0.120    0.219    68.04 16 72 0 
6000   0.160    0.003    0.136    0.194   0.004   0.121    0.206    191.65 6 81 0 
7000   0.222    0.003    0.136    0.197   0.004   0.121    0.209    51200.00 1 56 0 
8000   0.193    0.003    0.136    0.195   0.004   0.121    0.208    36.22 2 9 0 
9000   0.186    0.003    0.135    0.194   0.004   0.121    0.206    35.46 3 32 0 
10000   0.272    0.003    0.136    0.198   0.004   0.121    0.212    351.67 10 44 0 
11000   0.239    0.003    0.137    0.202   0.004   0.121    0.213    41.85 7 32 0 
12000   0.168    0.003    0.136    0.198   0.004   0.122    0.209    12481.01 7 22 0 
13000   0.187    0.003    0.136    0.197   0.004   0.122    0.207    69.02 6 48 0 
14000   0.171    0.003    0.136    0.195   0.004   0.122    0.204    51200.00 0 65 0 
15000   0.272    0.003    0.136    0.198   0.004   0.122    0.207    51200.00 0 65 0 
16000   0.248    0.003    0.137    0.200   0.004   0.121    0.210    51200.00 0 65 0 
17000   0.200    0.003    0.136    0.200   0.004   0.121    0.210    109.21 8 49 0 
18000   0.212    0.003    0.136    0.201   0.004   0.122    0.210    17.67 6 45 61 
19000   0.249    0.003    0.137    0.202   0.004   0.121    0.212    51200.00 1 57 0 
20000   0.201    0.003    0.137    0.202   0.004   0.122    0.211    59.71 2 26 0 
0.80  cl0  0.202  0.202  0.139  0.003  0.137  cl1  0.211  0.021  0.125  0.004  0.122  176.506  1.37     106     170     179 
class   cycles/s   pkts/s drop rate tail drop  fair drop
  0     0.202     0.202   0.139     0.003     0.137
  1     0.211     0.021   0.125     0.004     0.122
Poisson loss rate 0.001 
