TAIL DROP: VQthresh min 51200.00, max 51200.00, 
VQ updates per batch 
pktload 1.10 
flowsize 30000.00, theta 1.00, min th 51200.00, max th 51200.00, buffer 512 
shares: class1 0.40, class2 0.40, class3 0.00, class4 0.00, class5 0.00, class6 0.00, single packets 0.20 
pktsize: class1 1.00, class2 10.00, class3 1.00, class4 2.00, class5 1.00, class6 2.00, single packets 1.00 o'head 0.50
rate: class1 1.50, class2 1.50, class3 1.00, class4 1.00, class5 1.00, class6 0.00 
batching: max number 256 

1000   0.828    0.077    0.000    0.735   0.080   0.000    0.953    51200.00 0 1 0 
2000   0.845    0.077    0.000    0.748   0.080   0.000    0.938    51200.00 0 1 0 
3000   0.835    0.077    0.000    0.746   0.080   0.000    0.940    51200.00 0 1 0 
4000   0.777    0.077    0.000    0.732   0.081   0.000    0.924    51200.00 1 50 26 
5000   0.795    0.077    0.000    0.728   0.081   0.000    0.920    51200.00 0 1 0 
6000   0.891    0.077    0.000    0.745   0.081   0.000    0.925    51200.00 0 1 0 
7000   0.857    0.077    0.000    0.752   0.080   0.000    0.927    51200.00 0 1 0 
8000   0.829    0.077    0.000    0.752   0.080   0.000    0.926    51200.00 0 1 0 
9000   0.782    0.077    0.000    0.748   0.081   0.000    0.915    51200.00 0 1 0 
10000   0.859    0.077    0.000    0.754   0.081   0.000    0.916    51200.00 0 1 0 
11000   0.871    0.077    0.000    0.758   0.080   0.000    0.919    51200.00 0 1 0 
12000   0.822    0.077    0.000    0.756   0.080   0.000    0.920    51200.00 0 1 0 
13000   0.830    0.077    0.000    0.758   0.080   0.000    0.919    51200.00 0 1 0 
14000   0.791    0.077    0.000    0.753   0.080   0.000    0.918    51200.00 0 1 0 
15000   0.824    0.077    0.000    0.754   0.080   0.000    0.916    51200.00 0 1 0 
16000   0.844    0.077    0.000    0.754   0.080   0.000    0.918    51200.00 0 1 0 
17000   0.834    0.077    0.000    0.755   0.080   0.000    0.918    51200.00 0 1 0 
18000   0.806    0.077    0.000    0.755   0.080   0.000    0.917    51200.00 0 1 0 
19000   0.839    0.076    0.000    0.756   0.080   0.000    0.917    51200.00 0 1 0 
20000   0.824    0.077    0.000    0.756   0.080   0.000    0.916    51200.00 0 1 0 
0.10  cl0  0.756  0.756  0.077  0.077  0.000  cl1  0.916  0.092  0.080  0.080  0.000  451.226  2.63     1     43     52 
class   cycles/s   pkts/s drop rate tail drop  fair drop
  0     0.756     0.756   0.077     0.077     0.000@
  1     0.916     0.092   0.080     0.080     0.000
Poisson loss rate 0.006 
1000   0.691    0.078    0.000    0.591   0.081   0.000    0.826    51200.00 0 1 0 
2000   0.740    0.077    0.000    0.617   0.081   0.000    0.853    51200.00 0 1 0 
3000   0.637    0.077    0.000    0.590   0.083   0.000    0.826    51200.00 0 1 0 
4000   0.649    0.077    0.000    0.578   0.083   0.000    0.826    51200.00 0 1 0 
5000   0.722    0.077    0.000    0.584   0.083   0.000    0.837    51200.00 0 1 0 
6000   0.616    0.077    0.000    0.570   0.083   0.000    0.827    51200.00 4 13 256 
7000   0.659    0.077    0.000    0.566   0.084   0.000    0.826    51200.00 0 1 0 
8000   0.732    0.077    0.000    0.576   0.083   0.000    0.830    51200.00 0 1 0 
9000   0.653    0.077    0.000    0.572   0.084   0.000    0.827    51200.00 0 1 0 
10000   0.697    0.077    0.000    0.577   0.084   0.000    0.823    51200.00 1 6 135 
11000   0.670    0.077    0.000    0.575   0.084   0.000    0.823    51200.00 1 10 122 
12000   0.639    0.077    0.000    0.568   0.084   0.000    0.822    51200.00 0 1 0 
13000   0.701    0.077    0.000    0.572   0.084   0.000    0.823    51200.00 1 12 139 
14000   0.658    0.077    0.000    0.571   0.084   0.000    0.821    51200.00 0 1 0 
15000   0.620    0.077    0.000    0.566   0.084   0.000    0.821    51200.00 0 1 0 
16000   0.676    0.077    0.000    0.567   0.084   0.000    0.821    51200.00 3 18 256 
17000   0.683    0.077    0.000    0.569   0.084   0.000    0.820    51200.00 0 1 0 
18000   0.608    0.077    0.000    0.563   0.084   0.000    0.817    51200.00 0 1 0 
19000   0.704    0.077    0.000    0.564   0.084   0.000    0.820    51200.00 0 1 0 
20000   0.670    0.077    0.000    0.565   0.084   0.000    0.819    51200.00 0 1 0 
0.20  cl0  0.565  0.565  0.077  0.077  0.000  cl1  0.819  0.082  0.084  0.084  0.000  470.474  6.73     13     77     86 
class   cycles/s   pkts/s drop rate tail drop  fair drop
  0     0.565     0.565   0.077     0.077     0.000
  1     0.819     0.082   0.084     0.084     0.000
Poisson loss rate 0.013 
1000   0.535    0.077    0.000    0.410   0.085   0.000    0.730    51200.00 0 1 0 
2000   0.530    0.078    0.000    0.411   0.085   0.000    0.733    51200.00 1 20 149 
3000   0.637    0.077    0.000    0.449   0.084   0.000    0.750    51200.00 1 20 146 
4000   0.523    0.077    0.000    0.438   0.085   0.000    0.739    51200.00 0 1 0 
5000   0.594    0.077    0.000    0.452   0.085   0.000    0.735    51200.00 0 1 0 
6000   0.527    0.077    0.000    0.443   0.084   0.000    0.741    51200.00 0 1 0 
7000   0.640    0.077    0.000    0.455   0.084   0.000    0.751    51200.00 0 1 0 
8000   0.527    0.077    0.000    0.447   0.084   0.000    0.752    51200.00 0 1 0 
9000   0.565    0.077    0.000    0.448   0.084   0.000    0.750    51200.00 0 1 0 
10000   0.511    0.077    0.000    0.440   0.084   0.000    0.753    51200.00 0 1 0 
11000   0.481    0.077    0.000    0.437   0.084   0.000    0.743    51200.00 0 1 0 
12000   0.549    0.077    0.000    0.436   0.084   0.000    0.746    51200.00 0 1 0 
13000   0.569    0.077    0.000    0.437   0.084   0.000    0.748    51200.00 0 1 0 
14000   0.558    0.077    0.000    0.437   0.084   0.000    0.753    51200.00 1 13 187 
15000   0.545    0.077    0.000    0.435   0.084   0.000    0.755    51200.00 0 1 0 
16000   0.545    0.077    0.000    0.433   0.084   0.000    0.759    51200.00 1 15 90 
17000   0.536    0.077    0.000    0.431   0.084   0.000    0.760    51200.00 1 19 256 
18000   0.536    0.077    0.000    0.431   0.084   0.000    0.757    51200.00 0 1 0 
19000   0.540    0.077    0.000    0.430   0.084   0.000    0.756    51200.00 4 46 247 
20000   0.558    0.077    0.000    0.431   0.084   0.000    0.757    51200.00 0 1 0 
0.30  cl0  0.431  0.431  0.077  0.077  0.000  cl1  0.757  0.076  0.084  0.084  0.000  480.351  -3.28     56     102     111 
class   cycles/s   pkts/s drop rate tail drop  fair drop
  0     0.431     0.431   0.077     0.077     0.000
  1     0.757     0.076   0.084     0.084     0.000
Poisson loss rate 0.020 


TAIL DROP: VQthresh min 51200.00, max 51200.00, 
VQ updates per batch 
pktload 1.10 
flowsize 30000.00, theta 1.00, min th 51200.00, max th 51200.00, buffer 512 
shares: class1 0.40, class2 0.40, class3 0.00, class4 0.00, class5 0.00, class6 0.00, single packets 0.20 
pktsize: class1 1.00, class2 10.00, class3 1.00, class4 2.00, class5 1.00, class6 2.00, single packets 1.00 o'head 0.50
rate: class1 1.50, class2 1.50, class3 1.00, class4 1.00, class5 1.00, class6 0.00 
batching: max number 256 

1000   0.922    0.076    0.000    0.882   0.079   0.000    0.963    51200.00 1 2 128 
2000   0.870    0.076    0.000    0.847   0.079   0.000    0.948    51200.00 0 1 0 
3000   0.891    0.077    0.000    0.842   0.079   0.000    0.952    51200.00 0 1 0 
4000   0.914    0.076    0.000    0.857   0.080   0.000    0.945    51200.00 0 1 0 
5000   0.916    0.076    0.000    0.862   0.080   0.000    0.946    51200.00 0 1 0 
6000   0.915    0.076    0.000    0.867   0.079   0.000    0.945    51200.00 0 1 0 
7000   0.920    0.076    0.000    0.868   0.079   0.000    0.949    51200.00 0 1 0 
8000   0.886    0.076    0.000    0.864   0.079   0.000    0.947    51200.00 0 1 0 
9000   0.917    0.076    0.000    0.864   0.079   0.000    0.950    51200.00 0 1 0 
10000   0.891    0.076    0.000    0.860   0.079   0.000    0.951    51200.00 1 4 149 
11000   0.893    0.076    0.000    0.858   0.079   0.000    0.951    51200.00 0 1 0 
12000   0.930    0.076    0.000    0.861   0.079   0.000    0.953    51200.00 0 1 0 
13000   0.911    0.076    0.000    0.861   0.079   0.000    0.955    51200.00 0 1 0 
14000   0.918    0.076    0.000    0.863   0.079   0.000    0.954    51200.00 0 1 0 
15000   0.926    0.076    0.000    0.864   0.079   0.000    0.955    51200.00 0 1 0 
16000   0.927    0.076    0.000    0.866   0.079   0.000    0.956    51200.00 0 1 0 
17000   0.919    0.076    0.000    0.867   0.079   0.000    0.956    51200.00 0 1 0 
18000   0.918    0.076    0.000    0.867   0.079   0.000    0.956    51200.00 0 1 0 
19000   0.927    0.076    0.000    0.867   0.078   0.000    0.957    51200.00 0 1 0 
20000   0.908    0.076    0.000    0.868   0.079   0.000    0.957    51200.00 0 1 0 
0.05  cl0  0.868  0.868  0.076  0.076  0.000  cl1  0.957  0.096  0.078  0.078  0.000  454.732  1.47     1     21     30 
class   cycles/s   pkts/s drop rate tail drop  fair drop
  0     0.868     0.868   0.076     0.076     0.000
  1     0.957     0.096   0.078     0.078     0.000
Poisson loss rate 847380 269960197 0.003 
1000   0.737    0.077    0.000    0.630   0.085   0.000    0.883    51200.00 1 5 87 
2000   0.758    0.077    0.000    0.652   0.084   0.000    0.883    51200.00 0 1 0 
3000   0.767    0.077    0.000    0.664   0.082   0.000    0.880    51200.00 0 1 0 
4000   0.795    0.077    0.000    0.676   0.082   0.000    0.885    51200.00 0 1 0 
5000   0.756    0.077    0.000    0.670   0.082   0.000    0.889    51200.00 0 1 0 
6000   0.762    0.077    0.000    0.673   0.082   0.000    0.882    51200.00 0 1 0 
7000   0.796    0.077    0.000    0.682   0.082   0.000    0.883    51200.00 0 1 0 
8000   0.750    0.077    0.000    0.679   0.082   0.000    0.883    51200.00 0 1 0 
9000   0.711    0.077    0.000    0.667   0.082   0.000    0.879    51200.00 0 1 0 
10000   0.775    0.077    0.000    0.669   0.082   0.000    0.879    51200.00 0 1 0 
11000   0.734    0.077    0.000    0.664   0.082   0.000    0.878    51200.00 0 1 0 
12000   0.710    0.077    0.000    0.660   0.082   0.000    0.874    51200.00 0 1 0 
13000   0.755    0.077    0.000    0.661   0.082   0.000    0.873    51200.00 0 1 0 
14000   0.746    0.077    0.000    0.659   0.082   0.000    0.874    51200.00 0 1 0 
15000   0.752    0.077    0.000    0.660   0.082   0.000    0.873    51200.00 1 9 137 
16000   0.777    0.077    0.000    0.662   0.082   0.000    0.875    51200.00 0 1 0 
17000   0.745    0.077    0.000    0.661   0.082   0.000    0.875    51200.00 0 1 0 
18000   0.760    0.077    0.000    0.663   0.082   0.000    0.874    51200.00 0 1 0 
19000   0.764    0.077    0.000    0.662   0.082   0.000    0.876    51200.00 0 1 0 
20000   0.762    0.077    0.000    0.662   0.082   0.000    0.877    51200.00 0 1 0 
0.15  cl0  0.662  0.662  0.077  0.077  0.000  cl1  0.877  0.088  0.082  0.082  0.000  465.385  4.47     7     62     70 
class   cycles/s   pkts/s drop rate tail drop  fair drop
  0     0.662     0.662   0.077     0.077     0.000
  1     0.877     0.088   0.082     0.082     0.000
Poisson loss rate 2604378 270416073 0.010 
1000   0.612    0.078    0.000    0.497   0.082   0.000    0.810    51200.00 1 15 100 
2000   0.622    0.078    0.000    0.512   0.084   0.000    0.793    51200.00 0 1 0 
3000   0.554    0.078    0.000    0.477   0.084   0.000    0.790    51200.00 3 47 205 
4000   0.595    0.078    0.000    0.477   0.084   0.000    0.787    51200.00 1 17 244 
5000   0.662    0.078    0.000    0.493   0.084   0.000    0.798    51200.00 0 1 0 
6000   0.628    0.077    0.000    0.496   0.084   0.000    0.800    51200.00 0 1 0 
7000   0.569    0.078    0.000    0.488   0.084   0.000    0.797    51200.00 0 1 0 
8000   0.608    0.078    0.000    0.488   0.084   0.000    0.796    51200.00 0 1 0 
9000   0.627    0.078    0.000    0.491   0.084   0.000    0.802    51200.00 0 1 0 
10000   0.619    0.078    0.000    0.491   0.083   0.000    0.806    51200.00 0 1 0 
11000   0.566    0.078    0.000    0.487   0.084   0.000    0.801    51200.00 1 17 65 
12000   0.645    0.078    0.000    0.490   0.084   0.000    0.802    51200.00 1 10 57 
13000   0.630    0.078    0.000    0.492   0.083   0.000    0.802    51200.00 2 70 145 
14000   0.616    0.078    0.000    0.491   0.083   0.000    0.803    51200.00 0 1 0 
15000   0.628    0.078    0.000    0.490   0.083   0.000    0.805    51200.00 0 1 0 
16000   0.633    0.078    0.000    0.491   0.083   0.000    0.808    51200.00 1 13 179 
17000   0.642    0.078    0.000    0.494   0.083   0.000    0.808    51200.00 0 1 0 
18000   0.657    0.077    0.000    0.496   0.083   0.000    0.810    51200.00 0 1 0 
19000   0.586    0.077    0.000    0.495   0.083   0.000    0.808    51200.00 0 1 0 
20000   0.633    0.077    0.000    0.496   0.083   0.000    0.809    51200.00 2 21 223 
0.25  cl0  0.496  0.496  0.077  0.077  0.000  cl1  0.809  0.081  0.083  0.083  0.000  479.934  9.50     42     90     99 
class   cycles/s   pkts/s drop rate tail drop  fair drop
  0     0.496     0.496   0.077     0.077     0.000
  1     0.809     0.081   0.083     0.083     0.000
Poisson loss rate 4427844 267142509 0.017 


TAIL DROP: VQthresh min 51200.00, max 51200.00, 
VQ updates per batch 
pktload 1.10 
flowsize 30000.00, theta 1.00, min th 51200.00, max th 51200.00, buffer 512 
shares: class1 0.40, class2 0.40, class3 0.00, class4 0.00, class5 0.00, class6 0.00, single packets 0.20 
pktsize: class1 1.00, class2 10.00, class3 1.00, class4 2.00, class5 1.00, class6 2.00, single packets 1.00 o'head 0.50
rate: class1 1.50, class2 1.50, class3 1.00, class4 1.00, class5 1.00, class6 0.00 
batching: max number 256 

1000   0.433    0.078    0.000    0.323   0.084   0.000    0.720    51200.00 0 1 0 
2000   0.451    0.078    0.000    0.331   0.085   0.000    0.701    51200.00 0 1 0 
3000   0.429    0.078    0.000    0.317   0.085   0.000    0.704    51200.00 0 1 0 
4000   0.440    0.078    0.000    0.318   0.085   0.000    0.704    51200.00 0 1 0 
5000   0.455    0.078    0.000    0.322   0.085   0.000    0.710    51200.00 2 17 207 
6000   0.465    0.078    0.000    0.327   0.085   0.000    0.715    51200.00 0 1 0 
7000   0.362    0.078    0.000    0.313   0.085   0.000    0.695    51200.00 2 88 137 
8000   0.425    0.078    0.000    0.313   0.085   0.000    0.696    51200.00 3 87 223 
9000   0.447    0.078    0.000    0.314   0.085   0.000    0.699    51200.00 1 15 115 
10000   0.413    0.078    0.000    0.311   0.085   0.000    0.700    51200.00 0 1 0 
11000   0.391    0.078    0.000    0.307   0.085   0.000    0.698    51200.00 3 17 186 
12000   0.494    0.078    0.000    0.312   0.084   0.000    0.701    51200.00 0 1 0 
13000   0.405    0.078    0.000    0.310   0.085   0.000    0.699    51200.00 1 30 256 
14000   0.392    0.078    0.000    0.307   0.085   0.000    0.695    51200.00 2 16 256 
15000   0.455    0.078    0.000    0.309   0.085   0.000    0.696    51200.00 2 24 220 
16000   0.408    0.078    0.000    0.307   0.085   0.000    0.697    51200.00 1 112 117 
17000   0.330    0.078    0.000    0.301   0.085   0.000    0.686    51200.00 0 1 0 
18000   0.471    0.078    0.000    0.303   0.085   0.000    0.686    51200.00 0 1 0 
19000   0.449    0.078    0.000    0.304   0.085   0.000    0.689    51200.00 0 1 0 
20000   0.414    0.078    0.000    0.304   0.085   0.000    0.687    51200.00 0 1 0 
0.40  cl0  0.304  0.304  0.078  0.078  0.000  cl1  0.687  0.069  0.085  0.085  0.000  502.859  3.89     77     121     131 
class   cycles/s   pkts/s drop rate tail drop  fair drop
  0     0.304     0.304   0.078     0.078     0.000
  1     0.687     0.069   0.085     0.085     0.000
Poisson loss rate 0.027 
1000   0.285    0.079    0.000    0.191   0.086   0.000    0.564    51200.00 0 1 0 
2000   0.304    0.079    0.000    0.198   0.087   0.000    0.548    51200.00 0 1 0 
3000   0.365    0.078    0.000    0.216   0.086   0.000    0.578    51200.00 1 37 113 
4000   0.318    0.078    0.000    0.220   0.086   0.000    0.574    51200.00 0 1 0 
5000   0.293    0.078    0.000    0.213   0.085   0.000    0.575    51200.00 2 32 243 
6000   0.324    0.078    0.000    0.213   0.085   0.000    0.586    51200.00 1 30 174 
7000   0.351    0.078    0.000    0.218   0.085   0.000    0.591    51200.00 1 27 161 
8000   0.247    0.078    0.000    0.209   0.085   0.000    0.573    51200.00 4 33 214 
9000   0.306    0.078    0.000    0.208   0.085   0.000    0.575    51200.00 0 1 0 
10000   0.281    0.078    0.000    0.206   0.085   0.000    0.569    51200.00 1 24 85 
11000   0.303    0.079    0.000    0.206   0.085   0.000    0.573    51200.00 0 1 0 
12000   0.352    0.078    0.000    0.209   0.085   0.000    0.576    51200.00 0 1 0 
13000   0.342    0.078    0.000    0.211   0.085   0.000    0.580    51200.00 1 25 77 
14000   0.351    0.078    0.000    0.214   0.085   0.000    0.581    51200.00 2 29 256 
15000   0.355    0.078    0.000    0.216   0.085   0.000    0.583    51200.00 0 1 0 
16000   0.292    0.078    0.000    0.215   0.085   0.000    0.581    51200.00 0 1 0 
17000   0.387    0.078    0.000    0.218   0.085   0.000    0.585    51200.00 1 13 119 
18000   0.346    0.078    0.000    0.219   0.085   0.000    0.588    51200.00 1 24 78 
19000   0.368    0.078    0.000    0.222   0.085   0.000    0.589    51200.00 0 1 0 
20000   0.277    0.078    0.000    0.220   0.085   0.000    0.585    51200.00 0 1 0 
0.50  cl0  0.220  0.220  0.078  0.078  0.000  cl1  0.585  0.059  0.085  0.085  0.000  511.447  -4.23     92     136     146 
class   cycles/s   pkts/s drop rate tail drop  fair drop
  0     0.220     0.220   0.078     0.078     0.000
  1     0.585     0.059   0.085     0.085     0.000
Poisson loss rate 0.035 
1000   0.244    0.079    0.000    0.152   0.082   0.000    0.590    51200.00 3 36 254 
2000   0.220    0.080    0.000    0.144   0.084   0.000    0.536    51200.00 8 61 256 
3000   0.181    0.079    0.000    0.135   0.085   0.000    0.493    51200.00 0 1 0 
4000   0.269    0.079    0.000    0.145   0.085   0.000    0.507    51200.00 0 1 0 
5000   0.269    0.078    0.000    0.152   0.085   0.000    0.515    51200.00 6 31 256 
6000   0.270    0.078    0.000    0.156   0.085   0.000    0.518    51200.00 3 27 208 
7000   0.225    0.078    0.000    0.154   0.085   0.000    0.517    51200.00 2 101 197 
8000   0.236    0.078    0.000    0.155   0.085   0.000    0.515    51200.00 0 1 0 
9000   0.257    0.078    0.000    0.156   0.085   0.000    0.521    51200.00 1 22 47 
10000   0.253    0.078    0.000    0.157   0.085   0.000    0.517    51200.00 8 90 248 
11000   0.199    0.078    0.000    0.153   0.085   0.000    0.512    51200.00 6 63 236 
12000   0.207    0.079    0.000    0.150   0.085   0.000    0.508    51200.00 2 34 236 
13000   0.233    0.079    0.000    0.150   0.085   0.000    0.507    51200.00 1 27 131 
14000   0.231    0.079    0.000    0.149   0.085   0.000    0.507    51200.00 1 26 74 
15000   0.257    0.078    0.000    0.151   0.085   0.000    0.509    51200.00 0 1 0 
16000   0.256    0.078    0.000    0.153   0.085   0.000    0.510    51200.00 1 30 180 
17000   0.275    0.078    0.000    0.154   0.085   0.000    0.512    51200.00 0 1 0 
18000   0.233    0.078    0.000    0.154   0.085   0.000    0.511    51200.00 0 1 0 
19000   0.194    0.078    0.000    0.153   0.085   0.000    0.508    51200.00 0 1 0 
20000   0.256    0.078    0.000    0.154   0.085   0.000    0.509    51200.00 2 31 233 
0.60  cl0  0.154  0.154  0.078  0.078  0.000  cl1  0.509  0.051  0.085  0.085  0.000  528.256  5.70     104     149     158 
class   cycles/s   pkts/s drop rate tail drop  fair drop
  0     0.154     0.154   0.078     0.078     0.000
  1     0.509     0.051   0.085     0.085     0.000
Poisson loss rate 0.043 

TAIL DROP: VQthresh min 51200.00, max 51200.00, 
VQ updates per batch 
pktload 1.10 
flowsize 30000.00, theta 1.00, min th 51200.00, max th 51200.00, buffer 512 
shares: class1 0.40, class2 0.40, class3 0.00, class4 0.00, class5 0.00, class6 0.00, single packets 0.20 
pktsize: class1 1.00, class2 10.00, class3 1.00, class4 2.00, class5 1.00, class6 2.00, single packets 1.00 o'head 0.50
rate: class1 1.50, class2 1.50, class3 1.00, class4 1.00, class5 1.00, class6 0.00 
batching: max number 256 

1000   0.474    0.078    0.000    0.350   0.086   0.000    0.697    51200.00 0 2 0 
2000   0.451    0.079    0.000    0.328   0.085   0.000    0.710    51200.00 0 1 0 
3000   0.510    0.078    0.000    0.349   0.085   0.000    0.721    51200.00 0 1 0 
4000   0.551    0.078    0.000    0.366   0.084   0.000    0.733    51200.00 0 1 0 
5000   0.599    0.077    0.000    0.388   0.084   0.000    0.738    51200.00 2 12 232 
6000   0.497    0.077    0.000    0.388   0.084   0.000    0.737    51200.00 0 1 0 
7000   0.498    0.077    0.000    0.387   0.084   0.000    0.740    51200.00 3 94 238 
8000   0.524    0.077    0.000    0.388   0.084   0.000    0.741    51200.00 0 1 0 
9000   0.409    0.078    0.000    0.375   0.085   0.000    0.727    51200.00 0 1 0 
10000   0.562    0.077    0.000    0.381   0.085   0.000    0.732    51200.00 0 1 0 
11000   0.432    0.078    0.000    0.375   0.085   0.000    0.729    51200.00 0 1 0 
12000   0.520    0.077    0.000    0.377   0.085   0.000    0.731    51200.00 0 1 0 
13000   0.482    0.077    0.000    0.376   0.085   0.000    0.728    51200.00 0 1 0 
14000   0.506    0.077    0.000    0.377   0.085   0.000    0.728    51200.00 0 1 0 
15000   0.452    0.078    0.000    0.374   0.085   0.000    0.729    51200.00 1 118 114 
16000   0.535    0.078    0.000    0.376   0.085   0.000    0.732    51200.00 0 1 0 
17000   0.505    0.078    0.000    0.375   0.084   0.000    0.735    51200.00 0 1 0 
18000   0.459    0.078    0.000    0.373   0.084   0.000    0.733    51200.00 0 1 0 
19000   0.540    0.078    0.000    0.376   0.084   0.000    0.735    51200.00 1 20 130 
20000   0.462    0.078    0.000    0.374   0.084   0.000    0.735    51200.00 0 1 0 
0.35  cl0  0.374  0.374  0.078  0.078  0.000  cl1  0.735  0.073  0.084  0.084  0.000  487.803  15.63     67     112     122 
class   cycles/s   pkts/s drop rate tail drop  fair drop
  0     0.374     0.374   0.078     0.078     0.000
  1     0.735     0.073   0.084     0.084     0.000
Poisson loss rate 6237034 267924931 0.023 
1000   0.437    0.078    0.000    0.320   0.083   0.000    0.742    51200.00 0 1 0 
2000   0.385    0.078    0.000    0.291   0.084   0.000    0.679    51200.00 0 1 0 
3000   0.328    0.079    0.000    0.261   0.085   0.000    0.643    51200.00 3 66 163 
4000   0.346    0.078    0.000    0.257   0.085   0.000    0.625    51200.00 8 49 217 
5000   0.381    0.078    0.000    0.261   0.086   0.000    0.621    51200.00 0 1 0 
6000   0.428    0.078    0.000    0.268   0.085   0.000    0.632    51200.00 0 2 0 
7000   0.399    0.078    0.000    0.271   0.085   0.000    0.641    51200.00 0 1 0 
8000   0.351    0.078    0.000    0.267   0.085   0.000    0.639    51200.00 8 19 256 
9000   0.388    0.078    0.000    0.269   0.085   0.000    0.642    51200.00 0 1 0 
10000   0.391    0.078    0.000    0.270   0.085   0.000    0.643    51200.00 4 33 241 
11000   0.325    0.078    0.000    0.266   0.086   0.000    0.641    51200.00 2 22 199 
12000   0.331    0.078    0.000    0.262   0.086   0.000    0.638    51200.00 0 1 0 
13000   0.373    0.078    0.000    0.262   0.086   0.000    0.637    51200.00 0 1 0 
14000   0.298    0.078    0.000    0.257   0.086   0.000    0.629    51200.00 1 28 128 
15000   0.321    0.078    0.000    0.255   0.086   0.000    0.626    51200.00 1 22 71 
16000   0.363    0.078    0.000    0.256   0.086   0.000    0.623    51200.00 1 14 112 
17000   0.441    0.078    0.000    0.259   0.085   0.000    0.628    51200.00 0 1 0 
18000   0.361    0.078    0.000    0.259   0.085   0.000    0.628    51200.00 1 12 0 
19000   0.357    0.078    0.000    0.259   0.085   0.000    0.628    51200.00 0 1 0 
20000   0.382    0.078    0.000    0.260   0.085   0.000    0.627    51200.00 2 21 256 
0.45  cl0  0.260  0.260  0.078  0.078  0.000  cl1  0.627  0.063  0.085  0.085  0.000  505.385  23.40     85     129     137 
class   cycles/s   pkts/s drop rate tail drop  fair drop
  0     0.260     0.260   0.078     0.078     0.000
  1     0.627     0.063   0.085     0.085     0.000
Poisson loss rate 8188430 262773201 0.031 

1000   0.158    0.078    0.000    0.098   0.083   0.000    0.428    51200.00 2 44 252 
2000   0.113    0.079    0.000    0.080   0.085   0.000    0.377    51200.00 1 44 104 
3000   0.167    0.079    0.000    0.088   0.084   0.000    0.399    51200.00 12 91 256 
4000   0.164    0.078    0.000    0.092   0.083   0.000    0.411    51200.00 2 31 213 
5000   0.119    0.078    0.000    0.089   0.083   0.000    0.391    51200.00 2 35 228 
6000   0.156    0.078    0.000    0.091   0.083   0.000    0.390    51200.00 0 2 0 
7000   0.134    0.078    0.000    0.089   0.083   0.000    0.386    51200.00 3 107 216 
8000   0.158    0.078    0.000    0.091   0.083   0.000    0.388    51200.00 0 1 0 
9000   0.113    0.078    0.000    0.088   0.084   0.000    0.378    51200.00 22 71 216 
10000   0.099    0.078    0.000    0.083   0.084   0.000    0.365    51200.00 3 40 251 
11000   0.173    0.078    0.000    0.086   0.084   0.000    0.369    51200.00 0 1 0 
12000   0.154    0.078    0.000    0.086   0.084   0.000    0.374    51200.00 3 24 256 
13000   0.127    0.078    0.000    0.086   0.084   0.000    0.372    51200.00 6 42 256 
14000   0.129    0.078    0.000    0.085   0.084   0.000    0.370    51200.00 6 104 233 
15000   0.080    0.078    0.000    0.080   0.084   0.000    0.358    51200.00 6 90 207 
16000   0.094    0.079    0.000    0.078   0.084   0.000    0.354    51200.00 7 36 256 
17000   0.089    0.079    0.000    0.076   0.084   0.000    0.345    51200.00 6 88 243 
18000   0.116    0.079    0.000    0.075   0.084   0.000    0.345    51200.00 6 92 256 
19000   0.146    0.079    0.000    0.076   0.084   0.000    0.349    51200.00 0 1 0 
20000   0.152    0.079    0.000    0.077   0.084   0.000    0.351    51200.00 0 3 0 
0.75  cl0  0.077  0.077  0.079  0.079  0.000  cl1  0.351  0.035  0.084  0.084  0.000  552.400  54.13     115     162     173 
class   cycles/s   pkts/s drop rate tail drop  fair drop
  0     0.077     0.077   0.079     0.079     0.000
  1     0.351     0.035   0.084     0.084     0.000
Poisson loss rate 14312342 259396665 0.055 


1000   0.132    0.079    0.000    0.082   0.084   0.000    0.396    51200.00 4 36 256 
2000   0.100    0.079    0.000    0.071   0.084   0.000    0.345    51200.00 0 1 0 
3000   0.117    0.079    0.000    0.071   0.084   0.000    0.352    51200.00 10 91 256 
4000   0.090    0.079    0.000    0.065   0.084   0.000    0.334    51200.00 0 1 0 
5000   0.089    0.079    0.000    0.061   0.084   0.000    0.320    51200.00 13 52 256 
6000   0.095    0.079    0.000    0.061   0.084   0.000    0.314    51200.00 0 1 0 
7000   0.064    0.079    0.000    0.056   0.084   0.000    0.298    51200.00 0 1 0 
8000   0.146    0.079    0.000    0.059   0.084   0.000    0.309    51200.00 0 1 0 
9000   0.046    0.080    0.000    0.051   0.084   0.000    0.281    51200.00 13 79 256 
10000   0.103    0.079    0.000    0.052   0.084   0.000    0.285    51200.00 9 51 250 
11000   0.096    0.079    0.000    0.053   0.084   0.000    0.286    51200.00 0 2 0 
12000   0.142    0.079    0.000    0.055   0.084   0.000    0.293    51200.00 1 33 234 
13000   0.076    0.080    0.000    0.053   0.085   0.000    0.288    51200.00 2 41 256 
14000   0.118    0.079    0.000    0.054   0.085   0.000    0.293    51200.00 13 51 242 
15000   0.077    0.080    0.000    0.054   0.084   0.000    0.290    51200.00 0 1 0 
16000   0.111    0.079    0.000    0.055   0.084   0.000    0.291    51200.00 0 1 0 
17000   0.084    0.080    0.000    0.054   0.084   0.000    0.290    51200.00 6 41 228 
18000   0.076    0.080    0.000    0.053   0.084   0.000    0.286    51200.00 15 97 176 
19000   0.121    0.080    0.000    0.054   0.084   0.000    0.290    51200.00 0 1 0 
20000   0.126    0.079    0.000    0.055   0.084   0.000    0.292    51200.00 0 1 0 
0.80  cl0  0.055  0.055  0.079  0.079  0.000  cl1  0.292  0.029  0.084  0.084  0.000  564.651  -1.18     118     164     176 
class   cycles/s   pkts/s drop rate tail drop  fair drop
  0     0.055     0.055   0.079     0.079     0.000
  1     0.292     0.029   0.084     0.084     0.000
Poisson loss rate 0.060 

TAIL DROP: VQthresh min 51200.00, max 51200.00, 
VQ updates per batch 
pktload 1.10 
flowsize 30000.00, theta 1.00, min th 51200.00, max th 51200.00, buffer 512 
shares: class1 0.40, class2 0.40, class3 0.00, class4 0.00, class5 0.00, class6 0.00, single packets 0.20 
pktsize: class1 1.00, class2 10.00, class3 1.00, class4 2.00, class5 1.00, class6 2.00, single packets 1.00 o'head 0.50
rate: class1 1.50, class2 1.50, class3 1.00, class4 1.00, class5 1.00, class6 0.00 
batching: max number 256 

1000   0.097    0.079    0.000    0.058   0.083   0.000    0.338    51200.00 6 54 242 
2000   0.068    0.079    0.000    0.047   0.083   0.000    0.274    51200.00 0 1 0 
3000   0.056    0.080    0.000    0.040   0.083   0.000    0.251    51200.00 5 99 256 
4000   0.055    0.080    0.000    0.038   0.084   0.000    0.238    51200.00 2 40 256 
5000   0.098    0.080    0.000    0.041   0.084   0.000    0.250    51200.00 2 49 194 
6000   0.072    0.080    0.000    0.041   0.083   0.000    0.248    51200.00 4 104 246 
7000   0.061    0.080    0.000    0.040   0.083   0.000    0.243    51200.00 0 1 0 
8000   0.121    0.079    0.000    0.043   0.083   0.000    0.253    51200.00 9 45 256 
9000   0.049    0.080    0.000    0.040   0.083   0.000    0.243    51200.00 0 1 0 
10000   0.098    0.080    0.000    0.042   0.083   0.000    0.250    51200.00 9 106 256 
11000   0.085    0.080    0.000    0.042   0.083   0.000    0.254    51200.00 0 1 0 
12000   0.057    0.080    0.000    0.041   0.083   0.000    0.250    51200.00 37 119 204 
13000   0.058    0.080    0.000    0.040   0.083   0.000    0.248    51200.00 0 1 0 
14000   0.091    0.080    0.000    0.041   0.083   0.000    0.251    51200.00 25 95 245 
15000   0.067    0.080    0.000    0.040   0.083   0.000    0.253    51200.00 12 100 233 
16000   0.130    0.080    0.000    0.042   0.083   0.000    0.258    51200.00 2 46 256 
17000   0.095    0.080    0.000    0.043   0.083   0.000    0.260    51200.00 28 106 256 
18000   0.045    0.080    0.000    0.041   0.083   0.000    0.252    51200.00 4 97 227 
19000   0.031    0.080    0.000    0.038   0.083   0.000    0.233    51200.00 76 150 256 
20000   0.045    0.080    0.000    0.037   0.083   0.000    0.229    51200.00 4 113 230 
0.85  cl0  0.037  0.037  0.080  0.080  0.000  cl1  0.229  0.023  0.083  0.083  0.000  581.902  71.89     124     169     180 
class   cycles/s   pkts/s drop rate tail drop  fair drop
  0     0.037     0.037   0.080     0.080     0.000
  1     0.229     0.023   0.083     0.083     0.000
Poisson loss rate 16835612 255713750 0.066 
1000   0.036    0.082    0.000    0.020   0.083   0.000    0.172    51200.00 0 1 0 
2000   0.033    0.081    0.000    0.019   0.083   0.000    0.162    51200.00 12 91 230 
3000   0.039    0.081    0.000    0.020   0.083   0.000    0.162    51200.00 4 61 226 
4000   0.023    0.081    0.000    0.018   0.082   0.000    0.148    51200.00 35 117 252 
5000   0.017    0.081    0.000    0.015   0.082   0.000    0.130    51200.00 55 140 256 
6000   0.028    0.081    0.000    0.015   0.083   0.000    0.128    51200.00 74 156 221 
7000   0.028    0.081    0.000    0.015   0.083   0.000    0.127    51200.00 18 63 256 
8000   0.015    0.081    0.000    0.014   0.083   0.000    0.115    51200.00 13 78 216 
9000   0.043    0.081    0.000    0.014   0.083   0.000    0.119    51200.00 3 51 246 
10000   0.084    0.081    0.000    0.016   0.083   0.000    0.125    51200.00 46 139 163 
11000   0.020    0.081    0.000    0.015   0.083   0.000    0.121    51200.00 42 112 256 
12000   0.074    0.081    0.000    0.016   0.083   0.000    0.126    51200.00 12 85 195 
13000   0.015    0.081    0.000    0.015   0.083   0.000    0.120    51200.00 13 64 256 
14000   0.027    0.081    0.000    0.015   0.083   0.000    0.120    51200.00 29 108 256 
15000   0.045    0.081    0.000    0.015   0.083   0.000    0.122    51200.00 55 132 256 
16000   0.024    0.081    0.000    0.015   0.083   0.000    0.122    51200.00 80 154 256 
17000   0.019    0.081    0.000    0.015   0.083   0.000    0.119    51200.00 39 95 256 
18000   0.044    0.081    0.000    0.015   0.083   0.000    0.122    51200.00 5 52 253 
19000   0.075    0.081    0.000    0.016   0.083   0.000    0.125    51200.00 25 94 256 
20000   0.056    0.081    0.000    0.016   0.083   0.000    0.128    51200.00 5 54 256 
0.95  cl0  0.016  0.016  0.081  0.081  0.000  cl1  0.128  0.013  0.083  0.083  0.000  592.424  96.11     141     177     190 
class   cycles/s   pkts/s drop rate tail drop  fair drop
  0     0.016     0.016   0.081     0.081     0.000
  1     0.128     0.013   0.083     0.083     0.000
Poisson loss rate 18937098 254574653 0.074 
Program ended with exit code: 0


TAIL DROP: VQthresh min 51200.00, max 51200.00, 
VQ updates per batch 
pktload 1.10 
flowsize 30000.00, theta 1.00, min th 51200.00, max th 51200.00, buffer 512 
shares: class1 0.40, class2 0.40, class3 0.00, class4 0.00, class5 0.00, class6 0.00, single packets 0.20 
pktsize: class1 1.00, class2 10.00, class3 1.00, class4 2.00, class5 1.00, class6 2.00, single packets 1.00 o'head 0.50
rate: class1 1.50, class2 1.50, class3 1.00, class4 1.00, class5 1.00, class6 0.00 
batching: max number 256 

1000   0.068    0.080    0.000    0.040   0.084   0.000    0.258    51200.00 41 121 256 
2000   0.041    0.081    0.000    0.029   0.083   0.000    0.193    51200.00 19 76 256 
3000   0.029    0.081    0.000    0.023   0.084   0.000    0.162    51200.00 8 52 193 
4000   0.083    0.080    0.000    0.026   0.083   0.000    0.181    51200.00 5 98 256 
5000   0.092    0.080    0.000    0.029   0.083   0.000    0.198    51200.00 7 93 225 
6000   0.035    0.080    0.000    0.027   0.083   0.000    0.189    51200.00 6 55 256 
7000   0.059    0.080    0.000    0.028   0.083   0.000    0.192    51200.00 39 104 208 
8000   0.013    0.081    0.000    0.020   0.083   0.000    0.143    51200.00 40 129 256 
9000   0.027    0.081    0.000    0.019   0.083   0.000    0.140    51200.00 2 45 256 
10000   0.024    0.081    0.000    0.018   0.084   0.000    0.136    51200.00 11 110 229 
11000   0.046    0.081    0.000    0.019   0.084   0.000    0.139    51200.00 4 53 236 
12000   0.059    0.081    0.000    0.019   0.084   0.000    0.142    51200.00 3 40 256 
13000   0.089    0.081    0.000    0.020   0.083   0.000    0.148    51200.00 11 51 256 
14000   0.035    0.081    0.000    0.020   0.083   0.000    0.147    51200.00 0 1 0 
15000   0.069    0.081    0.000    0.021   0.083   0.000    0.151    51200.00 2 43 195 
16000   0.035    0.081    0.000    0.021   0.083   0.000    0.152    51200.00 0 1 0 
17000   0.045    0.081    0.000    0.021   0.084   0.000    0.153    51200.00 11 81 210 
18000   0.080    0.081    0.000    0.022   0.083   0.000    0.157    51200.00 22 73 256 
19000   0.039    0.081    0.000    0.022   0.083   0.000    0.157    51200.00 20 75 256 
20000   0.034    0.081    0.000    0.022   0.083   0.000    0.156    51200.00 10 54 256 
0.90  cl0  0.022  0.022  0.081  0.081  0.000  cl1  0.156  0.016  0.083  0.083  0.000  595.157  7.04     133     170     182 
class   cycles/s   pkts/s drop rate tail drop  fair drop
  0     0.022     0.022   0.081     0.081     0.000
  1     0.156     0.016   0.083     0.083     0.000
Poisson loss rate 0.071 
Program ended with exit code: 0

TAIL DROP: VQthresh min 51200.00, max 51200.00, 
VQ updates per batch 
pktload 1.10 
flowsize 30000.00, theta 1.00, min th 51200.00, max th 51200.00, buffer 512 
shares: class1 0.40, class2 0.40, class3 0.00, class4 0.00, class5 0.00, class6 0.00, single packets 0.20 
pktsize: class1 1.00, class2 10.00, class3 1.00, class4 2.00, class5 1.00, class6 2.00, single packets 1.00 o'head 0.50
rate: class1 1.50, class2 1.50, class3 1.00, class4 1.00, class5 1.00, class6 0.00 
batching: max number 256 

1000   0.162    0.080    0.000    0.097   0.085   0.000    0.434    51200.00 10 62 256 
2000   0.146    0.079    0.000    0.094   0.085   0.000    0.406    51200.00 0 1 0 
3000   0.212    0.079    0.000    0.105   0.085   0.000    0.432    51200.00 18 77 256 
4000   0.163    0.079    0.000    0.102   0.085   0.000    0.433    51200.00 0 1 0 
5000   0.205    0.079    0.000    0.106   0.084   0.000    0.448    51200.00 3 41 256 
6000   0.170    0.079    0.000    0.106   0.084   0.000    0.446    51200.00 3 101 189 
7000   0.124    0.079    0.000    0.100   0.085   0.000    0.423    51200.00 2 36 175 
8000   0.191    0.079    0.000    0.103   0.085   0.000    0.429    51200.00 10 84 208 
9000   0.160    0.079    0.000    0.103   0.084   0.000    0.430    51200.00 13 81 256 
10000   0.142    0.079    0.000    0.100   0.084   0.000    0.427    51200.00 4 46 256 
11000   0.139    0.079    0.000    0.099   0.084   0.000    0.423    51200.00 0 1 0 
12000   0.147    0.079    0.000    0.098   0.084   0.000    0.422    51200.00 2 31 256 
13000   0.192    0.079    0.000    0.100   0.084   0.000    0.427    51200.00 0 1 0 
14000   0.185    0.079    0.000    0.101   0.084   0.000    0.429    51200.00 5 87 104 
15000   0.164    0.079    0.000    0.101   0.084   0.000    0.428    51200.00 12 53 256 
16000   0.145    0.079    0.000    0.100   0.084   0.000    0.424    51200.00 0 1 0 
17000   0.143    0.079    0.000    0.099   0.084   0.000    0.423    51200.00 6 42 246 
18000   0.182    0.079    0.000    0.100   0.084   0.000    0.425    51200.00 0 1 0 
19000   0.147    0.079    0.000    0.100   0.084   0.000    0.423    51200.00 1 40 126 
20000   0.183    0.079    0.000    0.101   0.084   0.000    0.424    51200.00 0 1 0 
0.70  cl0  0.101  0.101  0.079  0.079  0.000  cl1  0.424  0.042  0.084  0.084  0.000  546.302  48.31     111     158     169 
class   cycles/s   pkts/s drop rate tail drop  fair drop
  0     0.101     0.101   0.079     0.079     0.000
  1     0.424     0.042   0.084     0.084     0.000
Poisson loss rate 13308350 260127666 0.051 
Program ended with exit code: 9

TAIL DROP: VQthresh min 51200.00, max 51200.00, 
VQ updates per batch 
pktload 1.10 
flowsize 30000.00, theta 1.00, min th 51200.00, max th 51200.00, buffer 512 
shares: class1 0.40, class2 0.40, class3 0.00, class4 0.00, class5 0.00, class6 0.00, single packets 0.20 
pktsize: class1 1.00, class2 10.00, class3 1.00, class4 2.00, class5 1.00, class6 2.00, single packets 1.00 o'head 0.50
rate: class1 1.50, class2 1.50, class3 1.00, class4 1.00, class5 1.00, class6 0.00 
batching: max number 256 

1000   0.310    0.077    0.000    0.227   0.084   0.000    0.561    51200.00 1 36 100 
2000   0.278    0.078    0.000    0.204   0.084   0.000    0.568    51200.00 8 57 196 
3000   0.261    0.078    0.000    0.189   0.085   0.000    0.564    51200.00 0 1 0 
4000   0.221    0.078    0.000    0.176   0.085   0.000    0.534    51200.00 2 28 176 
5000   0.244    0.078    0.000    0.173   0.085   0.000    0.530    51200.00 5 27 199 
6000   0.322    0.078    0.000    0.182   0.085   0.000    0.540    51200.00 0 2 0 
7000   0.255    0.078    0.000    0.180   0.085   0.000    0.534    51200.00 3 88 178 
8000   0.267    0.078    0.000    0.178   0.085   0.000    0.538    51200.00 1 22 46 
9000   0.293    0.078    0.000    0.180   0.085   0.000    0.545    51200.00 0 1 0 
10000   0.304    0.078    0.000    0.181   0.085   0.000    0.553    51200.00 0 1 0 
11000   0.240    0.078    0.000    0.179   0.085   0.000    0.549    51200.00 0 1 0 
12000   0.284    0.078    0.000    0.180   0.085   0.000    0.547    51200.00 7 79 218 
13000   0.226    0.078    0.000    0.176   0.085   0.000    0.539    51200.00 3 91 224 
14000   0.313    0.078    0.000    0.179   0.085   0.000    0.542    51200.00 4 27 256 
15000   0.299    0.078    0.000    0.181   0.085   0.000    0.544    51200.00 0 1 0 
16000   0.331    0.078    0.000    0.182   0.085   0.000    0.550    51200.00 0 1 0 
17000   0.243    0.078    0.000    0.181   0.085   0.000    0.547    51200.00 3 25 256 
18000   0.344    0.078    0.000    0.184   0.085   0.000    0.551    51200.00 5 32 256 
19000   0.281    0.078    0.000    0.184   0.085   0.000    0.551    51200.00 4 73 256 
20000   0.258    0.078    0.000    0.183   0.085   0.000    0.547    51200.00 7 38 256 
0.55  cl0  0.183  0.183  0.078  0.078  0.000  cl1  0.547  0.055  0.085  0.085  0.000  525.340  1.13     98     143     152 
class   cycles/s   pkts/s drop rate tail drop  fair drop
  0     0.183     0.183   0.078     0.078     0.000
  1     0.547     0.055   0.085     0.085     0.000
Poisson loss rate 0.039 
Program ended with exit code: 0
