0.05  cl0  0.868  0.868  0.076  0.076  0.000  cl1  0.957  0.096  0.078  0.078  0.000  454.732  1.47     1     21     30 
0.10  cl0  0.756  0.756  0.077  0.077  0.000  cl1  0.916  0.092  0.080  0.080  0.000  451.226  2.63     1     43     52 
0.15  cl0  0.662  0.662  0.077  0.077  0.000  cl1  0.877  0.088  0.082  0.082  0.000  465.385  4.47     7     62     70 
0.20  cl0  0.565  0.565  0.077  0.077  0.000  cl1  0.819  0.082  0.084  0.084  0.000  470.474  6.73     13     77     86 
0.25  cl0  0.496  0.496  0.077  0.077  0.000  cl1  0.809  0.081  0.083  0.083  0.000  479.934  9.50     42     90     99 
0.30  cl0  0.431  0.431  0.077  0.077  0.000  cl1  0.757  0.076  0.084  0.084  0.000  480.351  -3.28     56     102     111 
0.35  cl0  0.374  0.374  0.078  0.078  0.000  cl1  0.735  0.073  0.084  0.084  0.000  487.803  15.63     67     112     122 
0.40  cl0  0.304  0.304  0.078  0.078  0.000  cl1  0.687  0.069  0.085  0.085  0.000  502.859  3.89     77     121     131 
0.45  cl0  0.260  0.260  0.078  0.078  0.000  cl1  0.627  0.063  0.085  0.085  0.000  505.385  23.40     85     129     137 
0.50  cl0  0.220  0.220  0.078  0.078  0.000  cl1  0.585  0.059  0.085  0.085  0.000  511.447  -4.23     92     136     146 
0.55  cl0  0.183  0.183  0.078  0.078  0.000  cl1  0.547  0.055  0.085  0.085  0.000  525.340  1.13     98     143     152 
0.60  cl0  0.154  0.154  0.078  0.078  0.000  cl1  0.509  0.051  0.085  0.085  0.000  528.256  5.70     104     149     158 
0.65  cl0  0.119  0.119  0.066  0.066  0.000  cl1  0.452  0.045  0.077  0.077  0.000  1154.976  2.82     108     153     164 
0.70  cl0  0.101  0.101  0.079  0.079  0.000  cl1  0.424  0.042  0.084  0.084  0.000  546.302  48.31     111     158     169 
0.75  cl0  0.077  0.077  0.079  0.079  0.000  cl1  0.351  0.035  0.084  0.084  0.000  552.400  54.13     115     162     173 
0.80  cl0  0.055  0.055  0.079  0.079  0.000  cl1  0.292  0.029  0.084  0.084  0.000  564.651  -1.18     118     164     176 
0.85  cl0  0.037  0.037  0.080  0.080  0.000  cl1  0.229  0.023  0.083  0.083  0.000  581.902  71.89     124     169     180 
0.90  cl0  0.026  0.026  0.078  0.078  0.000  cl1  0.180  0.018  0.083  0.083  0.000  1354.807  -3.71     130     170     183 
0.95  cl0  0.016  0.016  0.081  0.081  0.000  cl1  0.128  0.013  0.083  0.083  0.000  592.424  96.11     141     177     190 
