#bw sharing, FD, per packet
#
#flowsize 3000.00, theta 1.00, VQthresh 10.00 VPthresh 0.00 
#shares: class1 0.40, class2 0.40, class3 0.00, class4 0.00, class5 0.00, class6 0.00, single packets 0.20, total 
#rates: 1.5 1
#batching: max number 1, max time   10.0 
#
#0.05  cl0  0.952  0.952  0.363  cl1  0.908  0.908  0.090     6.568   0    10    20    0.985    0      1      2       1.09     1     2     3 
#0.10  cl0  0.902  0.902  0.397  cl1  0.862  0.862  0.136     7.228   1    11    21    0.969    0      1      2       1.20     2     3     4 
#0.15  cl0  0.850  0.850  0.432  cl1  0.823  0.823  0.176     7.875   5    20    31    0.954    0      1      2       1.33     2     4     5 
#0.20  cl0  0.799  0.799  0.466  cl1  0.776  0.776  0.222     8.632   8    21    32    0.938    0      1      2       1.47     2     4     6 
#0.25  cl0  0.756  0.756  0.495  cl1  0.736  0.736  0.262     9.327   9    22    42    0.923    0      1      2       1.61     3     5     7 
#0.30  cl0  0.695  0.695  0.535  cl1  0.682  0.682  0.316    10.454   10    31    43    0.905    0      1      2       1.81     3     5     7 
#0.35  cl0  0.647  0.647  0.568  cl1  0.644  0.644  0.354    11.395   11    32    62    0.887    0      1      2       2.03     4     6     8 
#0.40  cl0  0.602  0.602  0.597  cl1  0.591  0.591  0.407    12.579   20    42    63    0.870    0      1      2       2.26     4     7     9 
#0.45  cl0  0.552  0.552  0.631  cl1  0.544  0.544  0.455    14.011   21    43    73    0.850    0      1      2       2.54     5     8     12 
#0.50  cl0  0.510  0.510  0.659  cl1  0.504  0.504  0.495    15.337   21    53    84    0.834    0      1      2       2.82     5     9     12 
#0.55  cl0  0.457  0.457  0.695  cl1  0.454  0.454  0.545    17.350   31    63    86    0.815    0      1      2       3.24     6     10     13 
#0.60  cl0  0.399  0.399  0.733  cl1  0.399  0.399  0.600    20.118   32    74    115    0.795    0      1      2       3.90     8     13     20 
#0.65  cl0  0.346  0.346  0.769  cl1  0.347  0.347  0.652    23.471   42    86    125    0.774    0      1      2       4.57     9     14     17 
#0.70  cl0  0.307  0.307  0.795  cl1  0.304  0.304  0.695    26.831   52    105    159    0.758    0      1      2       5.38     10     18     22 
#0.75  cl0  0.251  0.251  0.832  cl1  0.250  0.250  0.749    33.078   64    135    188    0.734    1      2      3       6.67     13     21     30 
#0.80  cl0  0.204  0.204  0.864  cl1  0.203  0.203  0.796    40.830   84    169    242    0.719    1      2      3       -2.57     17     27     33 
#0.85  cl0  0.146  0.146  0.902  cl1  0.146  0.146  0.854    57.625   123    245    299    0.691    1      2      3       -4.05     24     34     39 
#0.90  cl0  0.106  0.106  0.929  cl1  0.107  0.107  0.893    78.252   168    313    510    0.671    1      2      3       -1.65     31     56     79 
#0.95  cl0  0.058  0.058  0.961  cl1  0.058  0.058  0.942    145.262   311    596    677    0.651    1      2      3       -1.59     64     78     86 
#
#
#run of 23/07 rates 1,1
#
#flowsize 3000.00, theta 1.00, VQthresh 10.00 VPthresh 0.00 
#shares: class1 0.40, class2 0.40, class3 0.00, class4 0.00, class5 0.00, class6 0.00, single packets 0.20, total 
#batching: max number 1, max time   10.0 
#
#0.05  cl0  0.907  0.907  0.092  cl1  0.909  0.909  0.089     5.155   0    8    20    0.985    0      1      2       1.01     1     2     3 
#0.10  cl0  0.864  0.864  0.135  cl1  0.864  0.864  0.134     5.889   0    10    21    0.970    0      1      2       1.03     1     2     3 
#0.15  cl0  0.819  0.819  0.180  cl1  0.821  0.821  0.178     6.669   3    20    31    0.954    0      1      2       1.06     1     2     3 
#0.20  cl0  0.775  0.775  0.224  cl1  0.773  0.773  0.226     7.549   6    21    35    0.936    0      1      2       1.09     1     3     4 
#0.25  cl0  0.730  0.730  0.268  cl1  0.732  0.732  0.266     8.406   8    22    42    0.921    0      1      2       1.13     2     3     4 
#0.30  cl0  0.681  0.681  0.317  cl1  0.680  0.680  0.319     9.483   9    31    52    0.905    0      1      2       1.19     2     3     5 
#0.35  cl0  0.641  0.641  0.357  cl1  0.635  0.635  0.364    10.488   10    32    53    0.890    0      1      2       1.25     2     4     6 
#0.40  cl0  0.583  0.583  0.415  cl1  0.590  0.590  0.408    11.906   20    42    63    0.869    0      1      2       1.35     2     5     7 
0.45  cl0  0.540  0.540  0.458  cl1  0.538  0.538  0.461    13.353   20    51    75    0.853    0      1      2       1.45     3     5     9 
0.50  cl0  0.489  0.489  0.510  cl1  0.493  0.493  0.505    15.113   21    53    85    0.833    0      1      2       1.60     3     6     10 
0.55  cl0  0.444  0.444  0.555  cl1  0.440  0.440  0.559    17.234   31    63    96    0.814    0      1      2       1.78     3     7     11 
0.60  cl0  0.395  0.395  0.604  cl1  0.393  0.393  0.606    19.781   32    74    106    0.795    0      1      2       2.01     4     9     12 
0.65  cl0  0.353  0.353  0.646  cl1  0.352  0.352  0.647    22.419   42    86    128    0.778    0      1      2       2.28     5     10     15 
0.70  cl0  0.304  0.304  0.695  cl1  0.301  0.301  0.698    26.577   52    105    146    0.757    0      1      2       2.70     6     12     17 
0.75  cl0  0.245  0.245  0.754  cl1  0.248  0.248  0.751    33.178   64    137    230    0.735    1      2      3       3.38     8     16     26 
0.80  cl0  0.192  0.192  0.807  cl1  0.191  0.191  0.808    43.130   85    200    264    0.714    1      2      3       4.45     10     23     31 
0.85  cl0  0.157  0.157  0.842  cl1  0.158  0.158  0.842    52.896   107    255    361    0.694    1      2      3       5.62     13     29     42 
0.90  cl0  0.098  0.098  0.901  cl1  0.098  0.098  0.902    85.880   181    339    392    0.669    1      2      3       9.37     22     39     47 
0.95  cl0  0.065  0.065  0.935  cl1  0.065  0.065  0.935    129.859   277    495    562    0.652    1      2      3       14.65     33     58     68 
#
#
#higher rates for low loads 1.5,1.5
0.05  cl0  0.949  0.949  0.366  cl1  0.947  0.947  0.367     8.023   0    10    20    0.985    0      1      2       1.01     1     2     3 
0.10  cl0  0.907  0.907  0.394  cl1  0.904  0.904  0.396     8.473   0    11    21    0.970    0      1      2       1.03     1     2     3 
0.15  cl0  0.853  0.853  0.430  cl1  0.857  0.857  0.427     9.051   8    20    31    0.954    0      1      2       1.05     1     2     3 
0.20  cl0  0.793  0.793  0.470  cl1  0.798  0.798  0.466     9.844   10    21    32    0.938    0      1      2       1.09     1     3     4 
0.25  cl0  0.744  0.744  0.503  cl1  0.748  0.748  0.500    10.614   10    22    42    0.921    0      1      2       1.13     2     3     5 
0.30  cl0  0.702  0.702  0.530  cl1  0.701  0.701  0.532    11.353   11    31    43    0.905    0      1      2       1.18     2     3     5 
0.35  cl0  0.647  0.647  0.568  cl1  0.652  0.652  0.564    12.338   11    32    53    0.889    0      1      2       1.25     2     4     6 
0.40  cl0  0.608  0.608  0.593  cl1  0.608  0.608  0.593    13.277   20    42    62    0.870    0      1      2       1.33     2     4     7 
