flowsize 3000.00, theta 1.00, VQthresh 10.00 VPthresh 0.00 
shares: class1 0.40, class2 0.40, class3 0.00, class4 0.00, class5 0.00, class6 0.00, single packets 0.20, total 
rates: 1.5 1
batching: max number 1, max time   10.0 

1000  	 0.928 	 0.951 	  0.25 	  6.46 	  0.99
2000  	 0.930 	 0.950 	  0.25 	  6.59 	  0.98
3000  	 0.925 	 0.950 	  0.24 	  6.50 	  0.98
4000  	 0.930 	 0.951 	  0.25 	  6.54 	  0.99
5000  	 0.935 	 0.949 	  0.25 	  6.58 	  0.98
6000  	 0.917 	 0.951 	  0.26 	  6.70 	  0.99
7000  	 0.923 	 0.949 	  0.26 	  6.69 	  0.98
8000  	 0.938 	 0.949 	  0.26 	  6.61 	  0.98
9000  	 0.929 	 0.951 	  0.26 	  6.61 	  0.99
10000  	 0.929 	 0.947 	  0.25 	  6.66 	  0.98
11000  	 0.937 	 0.949 	  0.25 	  6.52 	  0.98
12000  	 0.926 	 0.948 	  0.25 	  6.63 	  0.98
13000  	 0.922 	 0.950 	  0.25 	  6.68 	  0.98
14000  	 0.931 	 0.950 	  0.25 	  6.55 	  0.98
15000  	 0.932 	 0.951 	  0.25 	  6.54 	  0.99
16000  	 0.934 	 0.951 	  0.25 	  6.49 	  0.99
17000  	 0.929 	 0.950 	  0.25 	  6.48 	  0.99
18000  	 0.930 	 0.951 	  0.24 	  6.48 	  0.99
19000  	 0.934 	 0.950 	  0.25 	  6.51 	  0.98
20000  	 0.931 	 0.952 	  0.25 	  6.54 	  0.99
0.05  cl0  0.952  0.952  0.363  cl1  0.908  0.908  0.090     6.568   0    10    20    0.985    0      1      2       1.09     1     2     3 
class   thruput   drop rate 
  0     0.952     0.363
  1     0.908     0.090
1000  	 0.877 	 0.897 	  0.29 	  7.30 	  0.97
2000  	 0.892 	 0.901 	  0.29 	  7.13 	  0.97
3000  	 0.877 	 0.901 	  0.29 	  7.21 	  0.97
4000  	 0.882 	 0.896 	  0.29 	  7.28 	  0.97
5000  	 0.889 	 0.900 	  0.29 	  7.18 	  0.97
6000  	 0.882 	 0.901 	  0.29 	  7.19 	  0.97
7000  	 0.892 	 0.902 	  0.28 	  7.09 	  0.97
8000  	 0.884 	 0.897 	  0.29 	  7.26 	  0.97
9000  	 0.878 	 0.901 	  0.30 	  7.28 	  0.97
10000  	 0.861 	 0.898 	  0.30 	  7.42 	  0.97
11000  	 0.880 	 0.901 	  0.30 	  7.30 	  0.97
12000  	 0.894 	 0.905 	  0.28 	  7.03 	  0.97
13000  	 0.870 	 0.898 	  0.31 	  7.49 	  0.97
14000  	 0.878 	 0.902 	  0.29 	  7.17 	  0.97
15000  	 0.866 	 0.901 	  0.30 	  7.37 	  0.97
16000  	 0.881 	 0.901 	  0.30 	  7.28 	  0.97
17000  	 0.889 	 0.897 	  0.28 	  7.14 	  0.97
18000  	 0.888 	 0.898 	  0.28 	  7.20 	  0.97
19000  	 0.882 	 0.901 	  0.29 	  7.16 	  0.97
20000  	 0.891 	 0.896 	  0.28 	  7.09 	  0.97
0.10  cl0  0.902  0.902  0.397  cl1  0.862  0.862  0.136     7.228   1    11    21    0.969    0      1      2       1.20     2     3     4 
class   thruput   drop rate 
  0     0.902     0.397
  1     0.862     0.136
1000  	 0.822 	 0.848 	  0.34 	  8.09 	  0.95
2000  	 0.832 	 0.852 	  0.34 	  7.98 	  0.95
3000  	 0.836 	 0.842 	  0.33 	  7.99 	  0.95
4000  	 0.838 	 0.849 	  0.33 	  7.90 	  0.95
5000  	 0.845 	 0.846 	  0.32 	  7.81 	  0.95
6000  	 0.821 	 0.861 	  0.34 	  7.94 	  0.96
7000  	 0.862 	 0.856 	  0.31 	  7.52 	  0.96
8000  	 0.833 	 0.848 	  0.34 	  7.98 	  0.95
9000  	 0.837 	 0.850 	  0.33 	  7.86 	  0.95
10000  	 0.848 	 0.851 	  0.32 	  7.79 	  0.95
11000  	 0.832 	 0.852 	  0.33 	  7.96 	  0.95
12000  	 0.838 	 0.854 	  0.32 	  7.75 	  0.96
13000  	 0.824 	 0.854 	  0.33 	  7.99 	  0.96
14000  	 0.833 	 0.845 	  0.34 	  8.04 	  0.95
15000  	 0.820 	 0.849 	  0.33 	  8.06 	  0.95
16000  	 0.825 	 0.850 	  0.34 	  8.08 	  0.95
17000  	 0.844 	 0.853 	  0.32 	  7.69 	  0.96
18000  	 0.846 	 0.854 	  0.32 	  7.69 	  0.96
19000  	 0.846 	 0.857 	  0.31 	  7.56 	  0.96
20000  	 0.841 	 0.846 	  0.32 	  7.84 	  0.95
0.15  cl0  0.850  0.850  0.432  cl1  0.823  0.823  0.176     7.875   5    20    31    0.954    0      1      2       1.33     2     4     5 
class   thruput   drop rate 
  0     0.850     0.432
  1     0.823     0.176
1000  	 0.777 	 0.790 	  0.37 	  8.88 	  0.93
2000  	 0.791 	 0.800 	  0.36 	  8.57 	  0.94
3000  	 0.789 	 0.801 	  0.36 	  8.61 	  0.94
4000  	 0.790 	 0.798 	  0.37 	  8.57 	  0.94
5000  	 0.807 	 0.803 	  0.35 	  8.36 	  0.94
6000  	 0.782 	 0.804 	  0.37 	  8.66 	  0.94
7000  	 0.818 	 0.811 	  0.34 	  7.95 	  0.94
8000  	 0.782 	 0.796 	  0.37 	  8.78 	  0.94
9000  	 0.775 	 0.800 	  0.37 	  8.82 	  0.94
10000  	 0.795 	 0.801 	  0.36 	  8.50 	  0.94
11000  	 0.782 	 0.800 	  0.37 	  8.71 	  0.94
12000  	 0.778 	 0.799 	  0.37 	  8.75 	  0.94
13000  	 0.792 	 0.800 	  0.37 	  8.59 	  0.94
14000  	 0.795 	 0.803 	  0.36 	  8.50 	  0.94
15000  	 0.781 	 0.806 	  0.38 	  8.74 	  0.94
16000  	 0.774 	 0.797 	  0.37 	  8.86 	  0.94
17000  	 0.798 	 0.799 	  0.36 	  8.56 	  0.94
18000  	 0.785 	 0.794 	  0.37 	  8.76 	  0.93
19000  	 0.784 	 0.799 	  0.37 	  8.78 	  0.94
20000  	 0.775 	 0.805 	  0.37 	  8.70 	  0.94
0.20  cl0  0.799  0.799  0.466  cl1  0.776  0.776  0.222     8.632   8    21    32    0.938    0      1      2       1.47     2     4     6 
class   thruput   drop rate 
  0     0.799     0.466
  1     0.776     0.222
1000  	 0.706 	 0.751 	  0.43 	 10.07 	  0.92
2000  	 0.750 	 0.766 	  0.40 	  9.19 	  0.93
3000  	 0.743 	 0.748 	  0.40 	  9.38 	  0.92
4000  	 0.779 	 0.767 	  0.38 	  8.70 	  0.93
5000  	 0.725 	 0.745 	  0.41 	  9.69 	  0.92
6000  	 0.737 	 0.746 	  0.41 	  9.56 	  0.92
7000  	 0.706 	 0.752 	  0.44 	 10.06 	  0.92
8000  	 0.761 	 0.763 	  0.39 	  9.04 	  0.93
9000  	 0.748 	 0.747 	  0.39 	  9.27 	  0.92
10000  	 0.776 	 0.758 	  0.38 	  8.87 	  0.93
11000  	 0.771 	 0.745 	  0.38 	  8.97 	  0.92
12000  	 0.739 	 0.750 	  0.42 	  9.58 	  0.92
13000  	 0.774 	 0.764 	  0.37 	  8.80 	  0.93
14000  	 0.751 	 0.758 	  0.40 	  9.23 	  0.93
15000  	 0.743 	 0.754 	  0.40 	  9.36 	  0.92
16000  	 0.742 	 0.757 	  0.41 	  9.45 	  0.92
17000  	 0.739 	 0.761 	  0.41 	  9.38 	  0.93
18000  	 0.764 	 0.753 	  0.39 	  9.07 	  0.92
19000  	 0.743 	 0.754 	  0.40 	  9.37 	  0.92
20000  	 0.732 	 0.752 	  0.40 	  9.51 	  0.92
0.25  cl0  0.756  0.756  0.495  cl1  0.736  0.736  0.262     9.327   9    22    42    0.923    0      1      2       1.61     3     5     7 
class   thruput   drop rate 
  0     0.756     0.495
  1     0.736     0.262
1000  	 0.682 	 0.697 	  0.45 	 10.59 	  0.90
2000  	 0.672 	 0.702 	  0.46 	 10.75 	  0.91
3000  	 0.686 	 0.698 	  0.45 	 10.48 	  0.90
4000  	 0.701 	 0.703 	  0.44 	 10.23 	  0.91
5000  	 0.681 	 0.690 	  0.45 	 10.64 	  0.90
6000  	 0.711 	 0.703 	  0.43 	 10.00 	  0.91
7000  	 0.679 	 0.695 	  0.45 	 10.72 	  0.90
8000  	 0.670 	 0.696 	  0.46 	 10.87 	  0.90
9000  	 0.660 	 0.711 	  0.47 	 10.94 	  0.91
10000  	 0.682 	 0.709 	  0.45 	 10.51 	  0.91
11000  	 0.687 	 0.700 	  0.45 	 10.58 	  0.90
12000  	 0.722 	 0.709 	  0.42 	  9.76 	  0.91
13000  	 0.701 	 0.696 	  0.44 	 10.23 	  0.90
14000  	 0.671 	 0.707 	  0.46 	 10.83 	  0.91
15000  	 0.707 	 0.700 	  0.43 	 10.14 	  0.90
16000  	 0.687 	 0.695 	  0.46 	 10.57 	  0.90
17000  	 0.726 	 0.705 	  0.41 	  9.71 	  0.91
18000  	 0.687 	 0.690 	  0.45 	 10.56 	  0.90
19000  	 0.697 	 0.700 	  0.44 	 10.35 	  0.90
20000  	 0.678 	 0.708 	  0.46 	 10.61 	  0.91
0.30  cl0  0.695  0.695  0.535  cl1  0.682  0.682  0.316    10.454   10    31    43    0.905    0      1      2       1.81     3     5     7 
class   thruput   drop rate 
  0     0.695     0.535
  1     0.682     0.316
1000  	 0.664 	 0.656 	  0.47 	 11.01 	  0.89
2000  	 0.650 	 0.658 	  0.48 	 11.30 	  0.89
3000  	 0.664 	 0.639 	  0.46 	 11.04 	  0.88
4000  	 0.598 	 0.643 	  0.53 	 12.62 	  0.88
5000  	 0.624 	 0.653 	  0.50 	 11.81 	  0.89
6000  	 0.652 	 0.647 	  0.48 	 11.24 	  0.89
7000  	 0.662 	 0.646 	  0.47 	 11.15 	  0.88
8000  	 0.650 	 0.640 	  0.47 	 11.36 	  0.88
9000  	 0.626 	 0.649 	  0.50 	 11.85 	  0.89
10000  	 0.650 	 0.648 	  0.48 	 11.30 	  0.89
11000  	 0.643 	 0.647 	  0.49 	 11.48 	  0.89
12000  	 0.677 	 0.649 	  0.46 	 10.72 	  0.89
13000  	 0.631 	 0.655 	  0.49 	 11.66 	  0.89
14000  	 0.632 	 0.659 	  0.49 	 11.65 	  0.89
15000  	 0.657 	 0.647 	  0.47 	 11.15 	  0.88
16000  	 0.624 	 0.653 	  0.50 	 11.89 	  0.89
17000  	 0.623 	 0.645 	  0.50 	 11.93 	  0.88
18000  	 0.664 	 0.663 	  0.46 	 10.89 	  0.89
19000  	 0.655 	 0.639 	  0.47 	 11.24 	  0.88
20000  	 0.678 	 0.662 	  0.45 	 10.60 	  0.89
0.35  cl0  0.647  0.647  0.568  cl1  0.644  0.644  0.354    11.395   11    32    62    0.887    0      1      2       2.03     4     6     8 
class   thruput   drop rate 
  0     0.647     0.568
  1     0.644     0.354
1000  	 0.600 	 0.593 	  0.52 	 12.55 	  0.87
2000  	 0.587 	 0.600 	  0.53 	 12.85 	  0.87
3000  	 0.602 	 0.602 	  0.52 	 12.44 	  0.87
4000  	 0.597 	 0.609 	  0.51 	 12.47 	  0.88
5000  	 0.621 	 0.607 	  0.50 	 11.94 	  0.87
6000  	 0.557 	 0.612 	  0.56 	 13.60 	  0.88
7000  	 0.586 	 0.601 	  0.53 	 12.80 	  0.87
8000  	 0.583 	 0.603 	  0.54 	 13.01 	  0.87
9000  	 0.608 	 0.614 	  0.51 	 12.25 	  0.88
10000  	 0.593 	 0.599 	  0.52 	 12.70 	  0.87
11000  	 0.599 	 0.600 	  0.52 	 12.52 	  0.87
12000  	 0.631 	 0.620 	  0.49 	 11.61 	  0.88
14000  	 0.618 	 0.600 	  0.50 	 12.07 	  0.87
15000  	 0.558 	 0.580 	  0.55 	 13.80 	  0.86
16000  	 0.601 	 0.585 	  0.51 	 12.56 	  0.86
17000  	 0.602 	 0.606 	  0.52 	 12.46 	  0.87
18000  	 0.571 	 0.593 	  0.55 	 13.38 	  0.87
19000  	 0.591 	 0.588 	  0.52 	 12.76 	  0.86
20000  	 0.626 	 0.609 	  0.49 	 11.77 	  0.87
0.40  cl0  0.602  0.602  0.597  cl1  0.591  0.591  0.407    12.579   20    42    63    0.870    0      1      2       2.26     4     7     9 
class   thruput   drop rate 
  0     0.602     0.597
  1     0.591     0.407
1000  	 0.548 	 0.539 	  0.56 	 14.06 	  0.84
2000  	 0.560 	 0.560 	  0.55 	 13.59 	  0.86
3000  	 0.529 	 0.532 	  0.58 	 14.73 	  0.84
4000  	 0.562 	 0.551 	  0.55 	 13.59 	  0.85
5000  	 0.557 	 0.565 	  0.55 	 13.64 	  0.86
6000  	 0.559 	 0.554 	  0.55 	 13.60 	  0.85
7000  	 0.506 	 0.539 	  0.59 	 15.46 	  0.85
8000  	 0.572 	 0.557 	  0.54 	 13.24 	  0.85
9000  	 0.551 	 0.550 	  0.56 	 13.94 	  0.85
10000  	 0.524 	 0.549 	  0.58 	 14.68 	  0.85
11000  	 0.544 	 0.546 	  0.56 	 14.15 	  0.85
12000  	 0.555 	 0.544 	  0.56 	 13.85 	  0.85
13000  	 0.532 	 0.531 	  0.57 	 14.64 	  0.84
14000  	 0.538 	 0.539 	  0.57 	 14.30 	  0.85
15000  	 0.576 	 0.544 	  0.53 	 13.20 	  0.85
16000  	 0.556 	 0.550 	  0.55 	 13.79 	  0.85
17000  	 0.511 	 0.524 	  0.59 	 15.30 	  0.84
18000  	 0.555 	 0.561 	  0.56 	 13.67 	  0.86
19000  	 0.592 	 0.557 	  0.53 	 12.73 	  0.86
20000  	 0.544 	 0.553 	  0.56 	 14.10 	  0.85
0.45  cl0  0.552  0.552  0.631  cl1  0.544  0.544  0.455    14.011   21    43    73    0.850    0      1      2       2.54     5     8     12 
class   thruput   drop rate 
  0     0.552     0.631
  1     0.544     0.455


flowsize 3000.00, theta 1.00, VQthresh 10.00 VPthresh 0.00 
shares: class1 0.40, class2 0.40, class3 0.00, class4 0.00, class5 0.00, class6 0.00, single packets 0.20, total 
batching: max number 1, max time   10.0 

1000  	 0.502 	 0.496 	  0.60 	 15.50 	  0.83
2000  	 0.458 	 0.508 	  0.63 	 17.25 	  0.84
3000  	 0.578 	 0.527 	  0.54 	 12.96 	  0.85
4000  	 0.530 	 0.516 	  0.57 	 14.47 	  0.84
5000  	 0.535 	 0.508 	  0.57 	 14.35 	  0.84
6000  	 0.538 	 0.507 	  0.57 	 14.30 	  0.84
7000  	 0.519 	 0.501 	  0.58 	 14.86 	  0.83
8000  	 0.463 	 0.480 	  0.63 	 17.19 	  0.82
9000  	 0.509 	 0.494 	  0.59 	 15.34 	  0.83
10000  	 0.509 	 0.484 	  0.59 	 15.37 	  0.82
11000  	 0.497 	 0.505 	  0.60 	 15.60 	  0.84
12000  	 0.480 	 0.480 	  0.61 	 16.53 	  0.82
13000  	 0.523 	 0.501 	  0.58 	 14.70 	  0.83
14000  	 0.463 	 0.505 	  0.63 	 16.93 	  0.84
15000  	 0.516 	 0.508 	  0.58 	 14.96 	  0.84
16000  	 0.494 	 0.503 	  0.60 	 15.77 	  0.84
17000  	 0.504 	 0.504 	  0.60 	 15.42 	  0.84
18000  	 0.490 	 0.497 	  0.61 	 16.02 	  0.83
19000  	 0.530 	 0.505 	  0.57 	 14.55 	  0.84
20000  	 0.529 	 0.491 	  0.58 	 14.75 	  0.83
0.50  cl0  0.510  0.510  0.659  cl1  0.504  0.504  0.495    15.337   21    53    84    0.834    0      1      2       2.82     5     9     12 
class   thruput   drop rate 
  0     0.510     0.659
  1     0.504     0.495
1000  	 0.420 	 0.459 	  0.67 	 19.04 	  0.82
2000  	 0.435 	 0.440 	  0.65 	 18.26 	  0.81
3000  	 0.465 	 0.449 	  0.63 	 16.94 	  0.81
4000  	 0.508 	 0.453 	  0.59 	 15.36 	  0.82
5000  	 0.393 	 0.422 	  0.68 	 20.62 	  0.80
6000  	 0.445 	 0.434 	  0.64 	 17.98 	  0.81
7000  	 0.507 	 0.455 	  0.59 	 15.39 	  0.82
8000  	 0.465 	 0.454 	  0.63 	 16.89 	  0.82
9000  	 0.498 	 0.472 	  0.60 	 15.49 	  0.83
10000  	 0.426 	 0.441 	  0.66 	 18.74 	  0.81
11000  	 0.459 	 0.462 	  0.63 	 17.07 	  0.82
12000  	 0.482 	 0.450 	  0.61 	 16.29 	  0.81
13000  	 0.430 	 0.435 	  0.66 	 18.66 	  0.81
14000  	 0.458 	 0.462 	  0.63 	 17.15 	  0.82
15000  	 0.438 	 0.448 	  0.65 	 18.14 	  0.81
16000  	 0.440 	 0.431 	  0.64 	 18.18 	  0.80
17000  	 0.457 	 0.468 	  0.63 	 17.11 	  0.82
18000  	 0.466 	 0.456 	  0.62 	 16.89 	  0.82
19000  	 0.467 	 0.459 	  0.62 	 16.79 	  0.82
20000  	 0.484 	 0.465 	  0.61 	 16.11 	  0.82
0.55  cl0  0.457  0.457  0.695  cl1  0.454  0.454  0.545    17.350   31    63    86    0.815    0      1      2       3.24     6     10     13 
class   thruput   drop rate 
  0     0.457     0.695
  1     0.454     0.545
1000  	 0.380 	 0.389 	  0.69 	 21.32 	  0.79
2000  	 0.416 	 0.406 	  0.66 	 19.14 	  0.80
3000  	 0.383 	 0.394 	  0.69 	 21.05 	  0.79
4000  	 0.350 	 0.377 	  0.72 	 23.35 	  0.78
5000  	 0.354 	 0.386 	  0.71 	 22.98 	  0.79
6000  	 0.419 	 0.413 	  0.67 	 19.00 	  0.80
7000  	 0.383 	 0.403 	  0.70 	 20.98 	  0.80
8000  	 0.378 	 0.384 	  0.70 	 21.57 	  0.79
9000  	 0.409 	 0.413 	  0.67 	 19.39 	  0.80
10000  	 0.394 	 0.399 	  0.69 	 20.49 	  0.79
11000  	 0.414 	 0.399 	  0.66 	 19.18 	  0.80
12000  	 0.422 	 0.398 	  0.66 	 18.90 	  0.80
13000  	 0.400 	 0.403 	  0.67 	 20.08 	  0.80
14000  	 0.392 	 0.394 	  0.68 	 20.50 	  0.79
15000  	 0.431 	 0.390 	  0.65 	 18.61 	  0.79
16000  	 0.424 	 0.401 	  0.66 	 18.85 	  0.80
17000  	 0.426 	 0.419 	  0.66 	 18.66 	  0.81
18000  	 0.410 	 0.408 	  0.67 	 19.40 	  0.80
19000  	 0.393 	 0.397 	  0.68 	 20.51 	  0.79
20000  	 0.432 	 0.394 	  0.65 	 18.46 	  0.79
0.60  cl0  0.399  0.399  0.733  cl1  0.399  0.399  0.600    20.118   32    74    115    0.795    0      1      2       3.90     8     13     20 
class   thruput   drop rate 
  0     0.399     0.733
  1     0.399     0.600
1000  	 0.332 	 0.329 	  0.73 	 24.52 	  0.76
2000  	 0.354 	 0.359 	  0.72 	 22.91 	  0.78
3000  	 0.331 	 0.348 	  0.74 	 24.69 	  0.77
4000  	 0.364 	 0.345 	  0.71 	 22.26 	  0.77
5000  	 0.339 	 0.352 	  0.73 	 23.98 	  0.78
6000  	 0.327 	 0.349 	  0.74 	 24.90 	  0.77
7000  	 0.348 	 0.338 	  0.72 	 23.63 	  0.77
8000  	 0.325 	 0.328 	  0.74 	 25.21 	  0.76
9000  	 0.358 	 0.330 	  0.71 	 22.86 	  0.76
10000  	 0.389 	 0.372 	  0.68 	 20.55 	  0.79
11000  	 0.382 	 0.354 	  0.70 	 21.12 	  0.78
12000  	 0.358 	 0.369 	  0.71 	 22.45 	  0.79
13000  	 0.349 	 0.345 	  0.72 	 23.34 	  0.77
14000  	 0.334 	 0.353 	  0.73 	 24.31 	  0.78
15000  	 0.352 	 0.363 	  0.72 	 22.89 	  0.78
16000  	 0.338 	 0.317 	  0.73 	 24.35 	  0.76
17000  	 0.374 	 0.358 	  0.70 	 21.53 	  0.78
18000  	 0.322 	 0.337 	  0.74 	 25.50 	  0.77
19000  	 0.325 	 0.340 	  0.74 	 25.15 	  0.77
20000  	 0.348 	 0.349 	  0.72 	 23.39 	  0.78
0.65  cl0  0.346  0.346  0.769  cl1  0.347  0.347  0.652    23.471   42    86    125    0.774    0      1      2       4.57     9     14     17 
class   thruput   drop rate 
  0     0.346     0.769
  1     0.347     0.652
1000  	 0.330 	 0.296 	  0.74 	 24.80 	  0.75
2000  	 0.345 	 0.336 	  0.72 	 23.41 	  0.78
3000  	 0.310 	 0.298 	  0.75 	 26.42 	  0.75
4000  	 0.332 	 0.306 	  0.74 	 24.54 	  0.76
5000  	 0.313 	 0.302 	  0.75 	 26.15 	  0.76
6000  	 0.303 	 0.320 	  0.75 	 26.83 	  0.77
7000  	 0.306 	 0.289 	  0.76 	 26.91 	  0.75
8000  	 0.267 	 0.280 	  0.79 	 31.12 	  0.75
9000  	 0.260 	 0.278 	  0.79 	 32.05 	  0.74
10000  	 0.302 	 0.335 	  0.76 	 26.68 	  0.78
11000  	 0.330 	 0.309 	  0.73 	 24.68 	  0.76
12000  	 0.300 	 0.262 	  0.76 	 27.76 	  0.73
13000  	 0.354 	 0.325 	  0.72 	 22.80 	  0.77
14000  	 0.293 	 0.288 	  0.77 	 28.25 	  0.75
15000  	 0.289 	 0.302 	  0.77 	 28.65 	  0.76
16000  	 0.276 	 0.307 	  0.78 	 29.78 	  0.76
17000  	 0.311 	 0.303 	  0.75 	 25.92 	  0.76
18000  	 0.285 	 0.306 	  0.77 	 28.80 	  0.76
19000  	 0.312 	 0.308 	  0.75 	 26.15 	  0.76
20000  	 0.323 	 0.320 	  0.74 	 25.12 	  0.77
0.70  cl0  0.307  0.307  0.795  cl1  0.304  0.304  0.695    26.831   52    105    159    0.758    0      1      2       5.38     10     18     22 
class   thruput   drop rate 
  0     0.307     0.795
  1     0.304     0.695
1000  	 0.244 	 0.236 	  0.80 	 34.15 	  0.73
2000  	 0.253 	 0.236 	  0.80 	 32.89 	  0.73
3000  	 0.217 	 0.226 	  0.83 	 38.69 	  0.72
4000  	 0.211 	 0.230 	  0.83 	 39.73 	  0.72
5000  	 0.313 	 0.287 	  0.75 	 25.90 	  0.76
6000  	 0.280 	 0.255 	  0.78 	 29.51 	  0.74
7000  	 0.265 	 0.280 	  0.78 	 30.87 	  0.75
8000  	 0.270 	 0.262 	  0.78 	 30.45 	  0.74
9000  	 0.326 	 0.283 	  0.74 	 24.86 	  0.75
10000  	 0.268 	 0.262 	  0.78 	 30.63 	  0.74
11000  	 0.275 	 0.236 	  0.78 	 30.21 	  0.73
12000  	 0.239 	 0.239 	  0.81 	 34.92 	  0.73
13000  	 0.233 	 0.236 	  0.81 	 35.74 	  0.73
14000  	 0.234 	 0.243 	  0.81 	 35.57 	  0.73
15000  	 0.277 	 0.265 	  0.78 	 29.53 	  0.75
16000  	 0.212 	 0.190 	  0.83 	 40.06 	  0.70
17000  	 0.259 	 0.247 	  0.79 	 32.02 	  0.73
18000  	 0.232 	 0.224 	  0.81 	 36.00 	  0.72
19000  	 0.209 	 0.244 	  0.83 	 39.83 	  0.73
20000  	 0.268 	 0.274 	  0.79 	 30.56 	  0.75
0.75  cl0  0.251  0.251  0.832  cl1  0.250  0.250  0.749    33.078   64    135    188    0.734    1      2      3       6.67     13     21     30 
class   thruput   drop rate 
  0     0.251     0.832
  1     0.250     0.749
1000  	 0.229 	 0.239 	  0.82 	 35.93 	  0.74
2000  	 0.255 	 0.229 	  0.79 	 32.26 	  0.73
3000  	 0.176 	 0.205 	  0.86 	 47.64 	  0.72
4000  	 0.194 	 0.206 	  0.84 	 42.88 	  0.72
5000  	 0.213 	 0.225 	  0.83 	 38.52 	  0.73
6000  	 0.283 	 0.254 	  0.77 	 28.68 	  0.75
7000  	 0.215 	 0.193 	  0.83 	 38.78 	  0.71
8000  	 0.166 	 0.190 	  0.87 	 50.77 	  0.71
9000  	 0.209 	 0.206 	  0.83 	 39.54 	  0.72
10000  	 0.176 	 0.205 	  0.86 	 47.55 	  0.72
11000  	 0.246 	 0.222 	  0.80 	 33.51 	  0.73
12000  	 0.262 	 0.223 	  0.79 	 31.42 	  0.73
13000  	 0.190 	 0.200 	  0.85 	 44.03 	  0.71
14000  	 0.179 	 0.193 	  0.86 	 46.80 	  0.71
15000  	 0.182 	 0.214 	  0.85 	 45.66 	  0.72
16000  	 0.224 	 0.210 	  0.82 	 37.11 	  0.72
17000  	 0.208 	 0.187 	  0.83 	 40.26 	  0.71
18000  	 0.153 	 0.179 	  0.88 	 55.21 	  0.70
19000  	 0.235 	 0.203 	  0.81 	 35.24 	  0.72
20000  	 0.185 	 0.180 	  0.85 	 45.39 	  0.70
0.80  cl0  0.204  0.204  0.864  cl1  0.203  0.203  0.796    40.830   84    169    242    0.719    1      2      3       -2.57     17     27     33 
class   thruput   drop rate 
  0     0.204     0.864
  1     0.203     0.796
1000  	 0.195 	 0.150 	  0.84 	 42.02 	  0.69
2000  	 0.142 	 0.118 	  0.89 	 59.73 	  0.67
3000  	 0.137 	 0.134 	  0.89 	 61.59 	  0.68
4000  	 0.156 	 0.153 	  0.87 	 54.34 	  0.69
5000  	 0.120 	 0.113 	  0.90 	 70.27 	  0.67
6000  	 0.142 	 0.139 	  0.88 	 60.33 	  0.68
7000  	 0.148 	 0.162 	  0.88 	 55.31 	  0.70
8000  	 0.168 	 0.149 	  0.87 	 50.37 	  0.69
9000  	 0.138 	 0.156 	  0.89 	 60.44 	  0.70
10000  	 0.171 	 0.188 	  0.86 	 51.24 	  0.71
11000  	 0.116 	 0.106 	  0.91 	 70.60 	  0.67
12000  	 0.180 	 0.164 	  0.86 	 46.23 	  0.70
13000  	 0.106 	 0.132 	  0.91 	 82.04 	  0.68
14000  	 0.139 	 0.125 	  0.89 	 58.99 	  0.68
15000  	 0.136 	 0.169 	  0.89 	 62.07 	  0.70
16000  	 0.156 	 0.145 	  0.88 	 53.34 	  0.69
17000  	 0.156 	 0.164 	  0.88 	 54.76 	  0.70
18000  	 0.150 	 0.144 	  0.88 	 55.04 	  0.69
19000  	 0.161 	 0.146 	  0.87 	 52.27 	  0.69
20000  	 0.161 	 0.154 	  0.87 	 52.04 	  0.69
0.85  cl0  0.146  0.146  0.902  cl1  0.146  0.146  0.854    57.625   123    245    299    0.691    1      2      3       -4.05     24     34     39 
class   thruput   drop rate 
  0     0.146     0.902
  1     0.146     0.854
1000  	 0.077 	 0.097 	  0.94 	 90.98 	  0.68
2000  	 0.170 	 0.141 	  0.86 	 49.05 	  0.69
3000  	 0.076 	 0.084 	  0.94 	112.29 	  0.66
4000  	 0.113 	 0.083 	  0.91 	 73.64 	  0.67
5000  	 0.123 	 0.083 	  0.90 	 68.93 	  0.66
6000  	 0.127 	 0.111 	  0.90 	 66.27 	  0.68
7000  	 0.168 	 0.132 	  0.87 	 49.62 	  0.69
8000  	 0.095 	 0.062 	  0.92 	 90.13 	  0.65
9000  	 0.110 	 0.094 	  0.91 	 76.75 	  0.67
10000  	 0.105 	 0.102 	  0.91 	 80.46 	  0.67
11000  	 0.135 	 0.120 	  0.89 	 62.01 	  0.68
12000  	 0.133 	 0.114 	  0.89 	 63.00 	  0.68
13000  	 0.112 	 0.083 	  0.91 	 76.05 	  0.66
14000  	 0.082 	 0.108 	  0.93 	102.53 	  0.67
15000  	 0.102 	 0.096 	  0.92 	 83.20 	  0.67
16000  	 0.094 	 0.096 	  0.92 	 89.99 	  0.67
17000  	 0.130 	 0.096 	  0.89 	 64.91 	  0.67
18000  	 0.120 	 0.112 	  0.90 	 70.04 	  0.68
19000  	 0.094 	 0.072 	  0.93 	 90.32 	  0.66
20000  	 0.080 	 0.084 	  0.93 	106.29 	  0.66
0.90  cl0  0.106  0.106  0.929  cl1  0.107  0.107  0.893    78.252   168    313    510    0.671    1      2      3       -1.65     31     56     79 
class   thruput   drop rate 
  0     0.106     0.929
  1     0.107     0.893
1000  	 0.040 	 0.026 	  0.97 	203.42 	  0.64
2000  	 0.033 	 0.034 	  0.97 	262.22 	  0.64
3000  	 0.044 	 0.017 	  0.96 	192.04 	  0.63
4000  	 0.091 	 0.085 	  0.93 	 93.12 	  0.67
5000  	 0.071 	 0.045 	  0.94 	119.40 	  0.65
6000  	 0.084 	 0.080 	  0.93 	 99.59 	  0.67
7000  	 0.120 	 0.085 	  0.90 	 69.71 	  0.67
8000  	 0.070 	 0.043 	  0.94 	121.77 	  0.64
9000  	 0.047 	 0.053 	  0.96 	180.06 	  0.65
10000  	 0.077 	 0.065 	  0.94 	109.72 	  0.66
11000  	 0.080 	 0.067 	  0.94 	105.51 	  0.66
12000  	 0.062 	 0.057 	  0.95 	138.06 	  0.65
13000  	 0.026 	 0.013 	  0.98 	324.89 	  0.63
14000  	 0.063 	 0.056 	  0.95 	133.29 	  0.65
15000  	 0.071 	 0.057 	  0.94 	118.30 	  0.65
16000  	 0.073 	 0.064 	  0.94 	115.22 	  0.65
17000  	 0.081 	 0.064 	  0.94 	103.90 	  0.66
18000  	 0.062 	 0.080 	  0.95 	146.70 	  0.66
19000  	 0.062 	 0.029 	  0.95 	127.29 	  0.64
20000  	 0.058 	 0.066 	  0.95 	146.69 	  0.66
0.95  cl0  0.058  0.058  0.961  cl1  0.058  0.058  0.942    145.262   311    596    677    0.651    1      2      3       -1.59     64     78     86 
class   thruput   drop rate 
  0     0.058     0.961
  1     0.058     0.942
Program ended with exit code: 0


run of 23/07 rates 1,1

flowsize 3000.00, theta 1.00, VQthresh 10.00 VPthresh 0.00 
shares: class1 0.40, class2 0.40, class3 0.00, class4 0.00, class5 0.00, class6 0.00, single packets 0.20, total 
batching: max number 1, max time   10.0 

1000  	 0.902 	 0.951 	  0.10 	  5.23 	  0.99
2000  	 0.904 	 0.949 	  0.09 	  5.23 	  0.98
3000  	 0.897 	 0.949 	  0.10 	  5.34 	  0.98
4000  	 0.906 	 0.949 	  0.09 	  5.21 	  0.98
5000  	 0.919 	 0.952 	  0.08 	  4.97 	  0.99
6000  	 0.907 	 0.951 	  0.09 	  5.17 	  0.99
7000  	 0.906 	 0.950 	  0.09 	  5.20 	  0.98
8000  	 0.906 	 0.949 	  0.09 	  5.21 	  0.98
9000  	 0.909 	 0.950 	  0.09 	  5.16 	  0.98
10000  	 0.904 	 0.950 	  0.09 	  5.22 	  0.98
11000  	 0.913 	 0.950 	  0.09 	  5.12 	  0.98
12000  	 0.911 	 0.951 	  0.09 	  5.13 	  0.99
13000  	 0.902 	 0.950 	  0.10 	  5.24 	  0.98
14000  	 0.894 	 0.951 	  0.10 	  5.31 	  0.99
15000  	 0.924 	 0.952 	  0.07 	  4.89 	  0.99
16000  	 0.915 	 0.951 	  0.08 	  5.04 	  0.99
17000  	 0.910 	 0.949 	  0.09 	  5.14 	  0.98
18000  	 0.907 	 0.953 	  0.09 	  5.12 	  0.99
19000  	 0.917 	 0.950 	  0.08 	  5.03 	  0.99
20000  	 0.910 	 0.949 	  0.09 	  5.14 	  0.98
0.05  cl0  0.907  0.907  0.092  cl1  0.909  0.909  0.089     5.155   0    8    20    0.985    0      1      2       1.01     1     2     3 
class   thruput   drop rate 
  0     0.907     0.092
  1     0.909     0.089
1000  	 0.868 	 0.901 	  0.13 	  5.81 	  0.97
2000  	 0.848 	 0.901 	  0.15 	  6.14 	  0.97
3000  	 0.864 	 0.901 	  0.13 	  5.87 	  0.97
4000  	 0.876 	 0.903 	  0.12 	  5.66 	  0.97
5000  	 0.860 	 0.901 	  0.14 	  5.96 	  0.97
6000  	 0.875 	 0.899 	  0.12 	  5.74 	  0.97
7000  	 0.855 	 0.896 	  0.14 	  6.09 	  0.97
8000  	 0.866 	 0.899 	  0.13 	  5.87 	  0.97
9000  	 0.861 	 0.901 	  0.14 	  5.94 	  0.97
10000  	 0.885 	 0.902 	  0.11 	  5.57 	  0.97
11000  	 0.865 	 0.899 	  0.13 	  5.89 	  0.97
13000  	 0.852 	 0.903 	  0.15 	  6.04 	  0.97
14000  	 0.863 	 0.897 	  0.14 	  5.95 	  0.97
15000  	 0.867 	 0.900 	  0.13 	  5.84 	  0.97
16000  	 0.871 	 0.900 	  0.13 	  5.78 	  0.97
17000  	 0.865 	 0.903 	  0.13 	  5.85 	  0.97
18000  	 0.867 	 0.899 	  0.13 	  5.87 	  0.97
19000  	 0.851 	 0.898 	  0.15 	  6.10 	  0.97
20000  	 0.870 	 0.903 	  0.13 	  5.77 	  0.97
0.10  cl0  0.864  0.864  0.135  cl1  0.864  0.864  0.134     5.889   0    10    21    0.970    0      1      2       1.03     1     2     3 
class   thruput   drop rate 
  0     0.864     0.135
  1     0.864     0.134
1000  	 0.819 	 0.850 	  0.18 	  6.68 	  0.95
2000  	 0.800 	 0.849 	  0.20 	  6.99 	  0.95
3000  	 0.812 	 0.847 	  0.19 	  6.85 	  0.95
4000  	 0.802 	 0.841 	  0.20 	  7.05 	  0.95
5000  	 0.810 	 0.852 	  0.19 	  6.80 	  0.96
6000  	 0.820 	 0.846 	  0.18 	  6.72 	  0.95
7000  	 0.812 	 0.846 	  0.19 	  6.86 	  0.95
8000  	 0.817 	 0.846 	  0.18 	  6.71 	  0.95
9000  	 0.806 	 0.850 	  0.19 	  6.87 	  0.95
10000  	 0.825 	 0.853 	  0.17 	  6.56 	  0.96
11000  	 0.827 	 0.851 	  0.17 	  6.55 	  0.95
12000  	 0.802 	 0.851 	  0.20 	  6.93 	  0.95
13000  	 0.832 	 0.853 	  0.17 	  6.45 	  0.95
14000  	 0.844 	 0.854 	  0.15 	  6.25 	  0.96
15000  	 0.821 	 0.847 	  0.18 	  6.65 	  0.95
16000  	 0.813 	 0.853 	  0.19 	  6.73 	  0.96
17000  	 0.842 	 0.855 	  0.16 	  6.25 	  0.96
18000  	 0.823 	 0.851 	  0.18 	  6.62 	  0.95
19000  	 0.837 	 0.847 	  0.16 	  6.43 	  0.95
20000  	 0.834 	 0.851 	  0.16 	  6.44 	  0.95
0.15  cl0  0.819  0.819  0.180  cl1  0.821  0.821  0.178     6.669   3    20    31    0.954    0      1      2       1.06     1     2     3 
class   thruput   drop rate 
  0     0.819     0.180
  1     0.821     0.178
1000  	 0.766 	 0.799 	  0.23 	  7.66 	  0.94
2000  	 0.768 	 0.799 	  0.23 	  7.66 	  0.94
3000  	 0.778 	 0.798 	  0.22 	  7.48 	  0.94
4000  	 0.776 	 0.798 	  0.22 	  7.50 	  0.94
5000  	 0.775 	 0.796 	  0.22 	  7.52 	  0.94
6000  	 0.764 	 0.799 	  0.23 	  7.67 	  0.94
7000  	 0.805 	 0.801 	  0.19 	  6.99 	  0.94
8000  	 0.740 	 0.792 	  0.26 	  8.19 	  0.93
9000  	 0.749 	 0.788 	  0.25 	  8.08 	  0.93
10000  	 0.770 	 0.796 	  0.23 	  7.63 	  0.94
11000  	 0.788 	 0.794 	  0.21 	  7.35 	  0.93
12000  	 0.771 	 0.795 	  0.23 	  7.66 	  0.93
13000  	 0.796 	 0.799 	  0.20 	  7.14 	  0.94
14000  	 0.759 	 0.798 	  0.24 	  7.83 	  0.94
15000  	 0.754 	 0.794 	  0.24 	  7.93 	  0.93
16000  	 0.801 	 0.811 	  0.20 	  7.01 	  0.94
17000  	 0.778 	 0.799 	  0.22 	  7.45 	  0.94
18000  	 0.766 	 0.795 	  0.23 	  7.70 	  0.94
19000  	 0.792 	 0.798 	  0.21 	  7.26 	  0.94
20000  	 0.789 	 0.799 	  0.21 	  7.31 	  0.94
0.20  cl0  0.775  0.775  0.224  cl1  0.773  0.773  0.226     7.549   6    21    35    0.936    0      1      2       1.09     1     3     4 
class   thruput   drop rate 
  0     0.775     0.224
  1     0.773     0.226
1000  	 0.751 	 0.759 	  0.25 	  7.96 	  0.93
2000  	 0.705 	 0.748 	  0.29 	  8.92 	  0.92
3000  	 0.762 	 0.760 	  0.24 	  7.78 	  0.93
4000  	 0.723 	 0.741 	  0.27 	  8.64 	  0.92
5000  	 0.735 	 0.745 	  0.26 	  8.38 	  0.92
6000  	 0.753 	 0.753 	  0.25 	  7.98 	  0.92
7000  	 0.752 	 0.752 	  0.25 	  8.03 	  0.92
8000  	 0.737 	 0.750 	  0.26 	  8.30 	  0.92
9000  	 0.732 	 0.740 	  0.27 	  8.45 	  0.92
10000  	 0.733 	 0.751 	  0.26 	  8.35 	  0.92
11000  	 0.725 	 0.744 	  0.27 	  8.57 	  0.92
12000  	 0.742 	 0.746 	  0.26 	  8.19 	  0.92
13000  	 0.718 	 0.752 	  0.28 	  8.68 	  0.92
14000  	 0.746 	 0.754 	  0.25 	  8.11 	  0.92
15000  	 0.724 	 0.742 	  0.27 	  8.61 	  0.92
16000  	 0.717 	 0.742 	  0.28 	  8.74 	  0.92
17000  	 0.735 	 0.744 	  0.26 	  8.40 	  0.92
18000  	 0.685 	 0.747 	  0.31 	  9.26 	  0.92
19000  	 0.718 	 0.747 	  0.28 	  8.68 	  0.92
20000  	 0.741 	 0.762 	  0.26 	  8.11 	  0.93
0.25  cl0  0.730  0.730  0.268  cl1  0.732  0.732  0.266     8.406   8    22    42    0.921    0      1      2       1.13     2     3     4 
class   thruput   drop rate 
  0     0.730     0.268
  1     0.732     0.266
1000  	 0.700 	 0.701 	  0.30 	  9.07 	  0.90
2000  	 0.689 	 0.704 	  0.31 	  9.29 	  0.91
3000  	 0.692 	 0.703 	  0.31 	  9.22 	  0.91
4000  	 0.683 	 0.701 	  0.32 	  9.43 	  0.90
5000  	 0.659 	 0.694 	  0.34 	 10.01 	  0.90
6000  	 0.688 	 0.701 	  0.31 	  9.33 	  0.90
7000  	 0.710 	 0.704 	  0.29 	  8.85 	  0.91
8000  	 0.681 	 0.699 	  0.32 	  9.49 	  0.90
9000  	 0.695 	 0.709 	  0.30 	  9.10 	  0.91
10000  	 0.674 	 0.700 	  0.32 	  9.64 	  0.90
11000  	 0.646 	 0.700 	  0.35 	 10.23 	  0.90
12000  	 0.674 	 0.695 	  0.32 	  9.69 	  0.90
13000  	 0.679 	 0.715 	  0.32 	  9.42 	  0.91
14000  	 0.695 	 0.703 	  0.30 	  9.20 	  0.91
15000  	 0.682 	 0.707 	  0.32 	  9.43 	  0.91
16000  	 0.673 	 0.703 	  0.32 	  9.67 	  0.91
17000  	 0.661 	 0.693 	  0.34 	  9.98 	  0.90
18000  	 0.697 	 0.696 	  0.30 	  9.17 	  0.90
19000  	 0.651 	 0.686 	  0.35 	 10.23 	  0.90
20000  	 0.692 	 0.702 	  0.31 	  9.21 	  0.91
0.30  cl0  0.681  0.681  0.317  cl1  0.680  0.680  0.319     9.483   9    31    52    0.905    0      1      2       1.19     2     3     5 
class   thruput   drop rate 
  0     0.681     0.317
  1     0.680     0.319
1000  	 0.664 	 0.657 	  0.33 	  9.92 	  0.89
2000  	 0.669 	 0.664 	  0.33 	  9.72 	  0.89
3000  	 0.631 	 0.642 	  0.37 	 10.75 	  0.88
4000  	 0.658 	 0.660 	  0.34 	 10.01 	  0.89
5000  	 0.615 	 0.647 	  0.38 	 11.14 	  0.88
6000  	 0.617 	 0.656 	  0.38 	 10.90 	  0.89
7000  	 0.638 	 0.655 	  0.36 	 10.48 	  0.89
8000  	 0.640 	 0.648 	  0.36 	 10.51 	  0.89
9000  	 0.636 	 0.659 	  0.36 	 10.54 	  0.89
10000  	 0.630 	 0.640 	  0.37 	 10.83 	  0.88
11000  	 0.612 	 0.644 	  0.39 	 11.19 	  0.88
12000  	 0.657 	 0.659 	  0.34 	 10.00 	  0.89
13000  	 0.632 	 0.659 	  0.37 	 10.64 	  0.89
14000  	 0.610 	 0.655 	  0.39 	 11.15 	  0.89
15000  	 0.662 	 0.657 	  0.34 	  9.98 	  0.89
16000  	 0.627 	 0.669 	  0.37 	 10.56 	  0.90
17000  	 0.662 	 0.664 	  0.34 	  9.85 	  0.89
18000  	 0.631 	 0.640 	  0.37 	 10.78 	  0.88
19000  	 0.651 	 0.651 	  0.35 	 10.22 	  0.89
20000  	 0.630 	 0.664 	  0.37 	 10.62 	  0.90
0.35  cl0  0.641  0.641  0.357  cl1  0.635  0.635  0.364    10.488   10    32    53    0.890    0      1      2       1.25     2     4     6 
class   thruput   drop rate 
  0     0.641     0.357
  1     0.635     0.364
1000  	 0.571 	 0.594 	  0.43 	 12.37 	  0.87
2000  	 0.595 	 0.613 	  0.40 	 11.57 	  0.88
3000  	 0.596 	 0.601 	  0.40 	 11.72 	  0.87
4000  	 0.587 	 0.604 	  0.41 	 11.87 	  0.87
5000  	 0.593 	 0.606 	  0.41 	 11.72 	  0.87
6000  	 0.570 	 0.587 	  0.43 	 12.44 	  0.86
7000  	 0.622 	 0.611 	  0.38 	 10.91 	  0.88
8000  	 0.573 	 0.590 	  0.43 	 12.34 	  0.86
9000  	 0.583 	 0.595 	  0.42 	 12.08 	  0.87
10000  	 0.581 	 0.602 	  0.42 	 12.07 	  0.87
11000  	 0.626 	 0.612 	  0.37 	 10.86 	  0.88
12000  	 0.558 	 0.600 	  0.44 	 12.65 	  0.87
13000  	 0.579 	 0.604 	  0.42 	 12.04 	  0.87
14000  	 0.614 	 0.611 	  0.38 	 11.15 	  0.88
15000  	 0.563 	 0.600 	  0.44 	 12.55 	  0.87
16000  	 0.600 	 0.609 	  0.40 	 11.45 	  0.87
17000  	 0.615 	 0.595 	  0.38 	 11.23 	  0.87
18000  	 0.564 	 0.587 	  0.43 	 12.63 	  0.86
20000  	 0.578 	 0.583 	  0.42 	 12.27 	  0.86
0.40  cl0  0.583  0.583  0.415  cl1  0.590  0.590  0.408    11.906   20    42    63    0.869    0      1      2       1.35     2     5     7 
class   thruput   drop rate 
  0     0.583     0.415
  1     0.590     0.408
1000  	 0.556 	 0.562 	  0.44 	 12.76 	  0.86
2000  	 0.544 	 0.555 	  0.45 	 13.16 	  0.85
3000  	 0.557 	 0.576 	  0.44 	 12.61 	  0.87
4000  	 0.533 	 0.532 	  0.46 	 13.66 	  0.84
5000  	 0.520 	 0.551 	  0.48 	 14.01 	  0.85
6000  	 0.540 	 0.557 	  0.46 	 13.28 	  0.86
7000  	 0.535 	 0.552 	  0.46 	 13.44 	  0.85
8000  	 0.539 	 0.564 	  0.46 	 13.24 	  0.86
9000  	 0.519 	 0.551 	  0.48 	 14.02 	  0.85
10000  	 0.530 	 0.551 	  0.47 	 13.62 	  0.85
11000  	 0.520 	 0.551 	  0.48 	 14.03 	  0.85
12000  	 0.563 	 0.559 	  0.43 	 12.58 	  0.86
13000  	 0.548 	 0.560 	  0.45 	 13.03 	  0.86
14000  	 0.538 	 0.566 	  0.46 	 13.27 	  0.86
15000  	 0.556 	 0.544 	  0.44 	 12.96 	  0.85
16000  	 0.567 	 0.568 	  0.43 	 12.45 	  0.86
17000  	 0.502 	 0.526 	  0.50 	 14.77 	  0.84
18000  	 0.551 	 0.544 	  0.45 	 13.02 	  0.85
19000  	 0.509 	 0.522 	  0.49 	 14.58 	  0.84
20000  	 0.564 	 0.556 	  0.43 	 12.64 	  0.86
0.45  cl0  0.540  0.540  0.458  cl1  0.538  0.538  0.461    13.353   20    51    75    0.853    0      1      2       1.45     3     5     9 
class   thruput   drop rate 
  0     0.540     0.458
  1     0.538     0.461
1000  	 0.486 	 0.513 	  0.51 	 15.14 	  0.84
2000  	 0.488 	 0.535 	  0.51 	 14.86 	  0.85
3000  	 0.488 	 0.505 	  0.51 	 15.26 	  0.84
4000  	 0.533 	 0.499 	  0.47 	 13.64 	  0.83
5000  	 0.501 	 0.494 	  0.50 	 14.86 	  0.83
6000  	 0.512 	 0.498 	  0.49 	 14.40 	  0.83
7000  	 0.475 	 0.485 	  0.52 	 15.84 	  0.82
8000  	 0.507 	 0.496 	  0.49 	 14.66 	  0.83
9000  	 0.475 	 0.504 	  0.52 	 15.64 	  0.84
10000  	 0.490 	 0.489 	  0.51 	 15.26 	  0.83
11000  	 0.525 	 0.504 	  0.47 	 13.93 	  0.83
12000  	 0.476 	 0.479 	  0.52 	 15.84 	  0.82
13000  	 0.506 	 0.490 	  0.49 	 14.63 	  0.83
14000  	 0.502 	 0.514 	  0.50 	 14.69 	  0.84
15000  	 0.477 	 0.496 	  0.52 	 15.68 	  0.83
16000  	 0.502 	 0.498 	  0.50 	 14.68 	  0.83
17000  	 0.493 	 0.514 	  0.51 	 14.97 	  0.84
18000  	 0.479 	 0.506 	  0.52 	 15.47 	  0.84
19000  	 0.450 	 0.472 	  0.55 	 17.03 	  0.82
20000  	 0.473 	 0.486 	  0.53 	 15.82 	  0.82
0.50  cl0  0.489  0.489  0.510  cl1  0.493  0.493  0.505    15.113   21    53    85    0.833    0      1      2       1.60     3     6     10 
class   thruput   drop rate 
  0     0.489     0.510
  1     0.493     0.505
1000  	 0.471 	 0.464 	  0.53 	 15.85 	  0.82
2000  	 0.465 	 0.454 	  0.53 	 16.22 	  0.82
3000  	 0.409 	 0.421 	  0.59 	 19.15 	  0.80
4000  	 0.407 	 0.435 	  0.59 	 19.04 	  0.81
5000  	 0.417 	 0.427 	  0.58 	 18.65 	  0.80
6000  	 0.463 	 0.451 	  0.54 	 16.33 	  0.82
7000  	 0.459 	 0.457 	  0.54 	 16.46 	  0.82
8000  	 0.478 	 0.445 	  0.52 	 15.73 	  0.81
9000  	 0.446 	 0.450 	  0.55 	 16.99 	  0.81
10000  	 0.491 	 0.478 	  0.51 	 14.97 	  0.83
11000  	 0.432 	 0.440 	  0.57 	 17.81 	  0.81
12000  	 0.423 	 0.446 	  0.58 	 18.21 	  0.81
13000  	 0.436 	 0.461 	  0.56 	 17.33 	  0.82
14000  	 0.425 	 0.445 	  0.57 	 18.06 	  0.81
15000  	 0.455 	 0.426 	  0.54 	 16.79 	  0.80
16000  	 0.451 	 0.458 	  0.55 	 16.76 	  0.82
17000  	 0.443 	 0.451 	  0.56 	 17.16 	  0.82
18000  	 0.392 	 0.437 	  0.61 	 19.85 	  0.81
19000  	 0.467 	 0.459 	  0.53 	 16.07 	  0.82
20000  	 0.438 	 0.454 	  0.56 	 17.39 	  0.82
0.55  cl0  0.444  0.444  0.555  cl1  0.440  0.440  0.559    17.234   31    63    96    0.814    0      1      2       1.78     3     7     11 
class   thruput   drop rate 
  0     0.444     0.555
  1     0.440     0.559
1000  	 0.396 	 0.383 	  0.60 	 19.81 	  0.79
2000  	 0.379 	 0.375 	  0.62 	 20.87 	  0.78
3000  	 0.376 	 0.380 	  0.62 	 20.97 	  0.78
4000  	 0.392 	 0.389 	  0.61 	 20.01 	  0.79
5000  	 0.423 	 0.409 	  0.58 	 18.14 	  0.80
6000  	 0.409 	 0.388 	  0.59 	 19.03 	  0.79
7000  	 0.393 	 0.399 	  0.61 	 19.81 	  0.80
8000  	 0.372 	 0.391 	  0.63 	 21.09 	  0.79
9000  	 0.410 	 0.412 	  0.59 	 18.78 	  0.80
10000  	 0.348 	 0.401 	  0.65 	 22.57 	  0.80
11000  	 0.393 	 0.422 	  0.61 	 19.68 	  0.81
12000  	 0.403 	 0.394 	  0.60 	 19.25 	  0.79
13000  	 0.399 	 0.380 	  0.60 	 19.66 	  0.78
14000  	 0.407 	 0.389 	  0.59 	 19.15 	  0.79
15000  	 0.403 	 0.398 	  0.60 	 19.27 	  0.79
16000  	 0.420 	 0.418 	  0.58 	 18.16 	  0.80
17000  	 0.403 	 0.393 	  0.60 	 19.66 	  0.79
18000  	 0.404 	 0.424 	  0.60 	 18.71 	  0.81
19000  	 0.377 	 0.414 	  0.62 	 20.60 	  0.80
20000  	 0.381 	 0.404 	  0.62 	 20.46 	  0.80
0.60  cl0  0.395  0.395  0.604  cl1  0.393  0.393  0.606    19.781   32    74    106    0.795    0      1      2       2.01     4     9     12 
class   thruput   drop rate 
  0     0.395     0.604
  1     0.393     0.606
1000  	 0.375 	 0.365 	  0.62 	 20.81 	  0.78
2000  	 0.349 	 0.316 	  0.65 	 22.94 	  0.76
3000  	 0.335 	 0.339 	  0.66 	 23.86 	  0.77
4000  	 0.313 	 0.316 	  0.69 	 25.91 	  0.76
5000  	 0.278 	 0.327 	  0.72 	 29.22 	  0.76
6000  	 0.362 	 0.349 	  0.64 	 21.89 	  0.77
7000  	 0.379 	 0.360 	  0.62 	 20.65 	  0.78
8000  	 0.344 	 0.361 	  0.65 	 22.92 	  0.78
9000  	 0.347 	 0.365 	  0.65 	 22.67 	  0.78
10000  	 0.380 	 0.391 	  0.62 	 20.30 	  0.80
11000  	 0.365 	 0.369 	  0.63 	 21.43 	  0.79
12000  	 0.378 	 0.345 	  0.62 	 20.83 	  0.77
13000  	 0.381 	 0.363 	  0.62 	 20.53 	  0.78
14000  	 0.328 	 0.360 	  0.67 	 24.23 	  0.78
15000  	 0.393 	 0.374 	  0.61 	 19.73 	  0.79
16000  	 0.390 	 0.358 	  0.61 	 19.98 	  0.78
17000  	 0.346 	 0.355 	  0.65 	 22.83 	  0.78
18000  	 0.390 	 0.362 	  0.61 	 19.98 	  0.78
19000  	 0.350 	 0.349 	  0.65 	 22.67 	  0.78
20000  	 0.318 	 0.348 	  0.68 	 25.20 	  0.77
0.65  cl0  0.353  0.353  0.646  cl1  0.352  0.352  0.647    22.419   42    86    128    0.778    0      1      2       2.28     5     10     15 
class   thruput   drop rate 
  0     0.353     0.646
  1     0.352     0.647
1000  	 0.275 	 0.287 	  0.72 	 29.53 	  0.75
2000  	 0.317 	 0.309 	  0.68 	 25.21 	  0.76
3000  	 0.299 	 0.302 	  0.70 	 26.92 	  0.76
4000  	 0.319 	 0.320 	  0.68 	 24.97 	  0.77
5000  	 0.313 	 0.307 	  0.69 	 25.50 	  0.76
6000  	 0.282 	 0.293 	  0.72 	 28.77 	  0.75
7000  	 0.315 	 0.320 	  0.68 	 25.55 	  0.77
8000  	 0.312 	 0.305 	  0.69 	 25.42 	  0.76
9000  	 0.313 	 0.324 	  0.69 	 25.38 	  0.77
10000  	 0.301 	 0.270 	  0.70 	 27.00 	  0.74
11000  	 0.282 	 0.307 	  0.72 	 28.61 	  0.76
12000  	 0.291 	 0.306 	  0.71 	 27.72 	  0.76
13000  	 0.318 	 0.331 	  0.68 	 24.90 	  0.77
14000  	 0.323 	 0.293 	  0.68 	 24.96 	  0.75
15000  	 0.344 	 0.309 	  0.65 	 23.06 	  0.76
16000  	 0.309 	 0.298 	  0.69 	 26.08 	  0.75
17000  	 0.306 	 0.315 	  0.69 	 26.15 	  0.76
18000  	 0.299 	 0.277 	  0.70 	 27.18 	  0.74
19000  	 0.269 	 0.255 	  0.73 	 30.61 	  0.73
20000  	 0.288 	 0.301 	  0.71 	 28.17 	  0.76
0.70  cl0  0.304  0.304  0.695  cl1  0.301  0.301  0.698    26.577   52    105    146    0.757    0      1      2       2.70     6     12     17 
class   thruput   drop rate 
  0     0.304     0.695
  1     0.301     0.698
1000  	 0.283 	 0.278 	  0.72 	 28.39 	  0.75
2000  	 0.214 	 0.196 	  0.79 	 39.24 	  0.70
3000  	 0.242 	 0.239 	  0.76 	 33.93 	  0.73
4000  	 0.247 	 0.233 	  0.75 	 33.37 	  0.72
5000  	 0.264 	 0.265 	  0.73 	 30.51 	  0.75
6000  	 0.216 	 0.263 	  0.78 	 38.44 	  0.74
7000  	 0.274 	 0.258 	  0.72 	 29.01 	  0.74
8000  	 0.274 	 0.262 	  0.73 	 29.88 	  0.74
9000  	 0.272 	 0.282 	  0.73 	 29.19 	  0.75
10000  	 0.247 	 0.244 	  0.75 	 33.19 	  0.73
11000  	 0.236 	 0.229 	  0.76 	 34.97 	  0.72
12000  	 0.285 	 0.285 	  0.71 	 28.20 	  0.76
13000  	 0.234 	 0.231 	  0.77 	 35.16 	  0.73
14000  	 0.273 	 0.253 	  0.73 	 29.74 	  0.74
15000  	 0.285 	 0.232 	  0.71 	 28.66 	  0.73
16000  	 0.238 	 0.252 	  0.76 	 34.38 	  0.74
17000  	 0.271 	 0.271 	  0.73 	 29.82 	  0.75
18000  	 0.152 	 0.212 	  0.85 	 55.43 	  0.71
19000  	 0.247 	 0.251 	  0.75 	 33.12 	  0.74
20000  	 0.276 	 0.251 	  0.72 	 29.50 	  0.74
0.75  cl0  0.245  0.245  0.754  cl1  0.248  0.248  0.751    33.178   64    137    230    0.735    1      2      3       3.38     8     16     26 
class   thruput   drop rate 
  0     0.245     0.754
  1     0.248     0.751
1000  	 0.168 	 0.173 	  0.83 	 49.81 	  0.70
2000  	 0.253 	 0.223 	  0.75 	 32.07 	  0.73
3000  	 0.222 	 0.211 	  0.78 	 37.11 	  0.72
4000  	 0.186 	 0.199 	  0.81 	 44.63 	  0.71
5000  	 0.228 	 0.208 	  0.77 	 35.87 	  0.72
6000  	 0.182 	 0.166 	  0.82 	 46.02 	  0.69
7000  	 0.131 	 0.130 	  0.87 	 66.91 	  0.67
8000  	 0.195 	 0.192 	  0.80 	 40.29 	  0.71
9000  	 0.287 	 0.270 	  0.71 	 27.60 	  0.76
10000  	 0.235 	 0.211 	  0.76 	 35.07 	  0.72
11000  	 0.209 	 0.226 	  0.79 	 40.59 	  0.73
12000  	 0.133 	 0.194 	  0.87 	 61.33 	  0.71
13000  	 0.178 	 0.182 	  0.82 	 46.98 	  0.70
14000  	 0.211 	 0.181 	  0.79 	 39.53 	  0.70
15000  	 0.216 	 0.192 	  0.78 	 38.19 	  0.71
16000  	 0.233 	 0.198 	  0.77 	 35.45 	  0.71
17000  	 0.143 	 0.179 	  0.86 	 58.76 	  0.70
18000  	 0.188 	 0.236 	  0.81 	 43.52 	  0.73
19000  	 0.242 	 0.230 	  0.76 	 33.53 	  0.73
20000  	 0.166 	 0.179 	  0.83 	 50.57 	  0.70
0.80  cl0  0.192  0.192  0.807  cl1  0.191  0.191  0.808    43.130   85    200    264    0.714    1      2      3       4.45     10     23     31 
class   thruput   drop rate 
  0     0.192     0.807
  1     0.191     0.808
1000  	 0.185 	 0.176 	  0.81 	 44.97 	  0.71
2000  	 0.183 	 0.160 	  0.82 	 44.82 	  0.70
3000  	 0.157 	 0.124 	  0.84 	 53.53 	  0.68
4000  	 0.184 	 0.167 	  0.82 	 45.00 	  0.70
5000  	 0.138 	 0.132 	  0.86 	 60.66 	  0.68
6000  	 0.193 	 0.174 	  0.81 	 42.63 	  0.71
7000  	 0.121 	 0.131 	  0.88 	 70.20 	  0.68
8000  	 0.179 	 0.169 	  0.82 	 45.51 	  0.70
9000  	 0.167 	 0.134 	  0.83 	 50.22 	  0.68
10000  	 0.166 	 0.153 	  0.83 	 50.16 	  0.70
11000  	 0.172 	 0.149 	  0.83 	 48.42 	  0.69
12000  	 0.165 	 0.162 	  0.83 	 50.29 	  0.70
13000  	 0.175 	 0.155 	  0.82 	 47.66 	  0.69
14000  	 0.166 	 0.158 	  0.83 	 50.10 	  0.70
15000  	 0.171 	 0.145 	  0.83 	 48.78 	  0.69
16000  	 0.192 	 0.142 	  0.81 	 43.36 	  0.69
17000  	 0.185 	 0.169 	  0.81 	 44.50 	  0.70
18000  	 0.174 	 0.166 	  0.83 	 47.45 	  0.70
19000  	 0.097 	 0.117 	  0.90 	 90.04 	  0.67
20000  	 0.101 	 0.166 	  0.90 	 80.04 	  0.71
0.85  cl0  0.157  0.157  0.842  cl1  0.158  0.158  0.842    52.896   107    255    361    0.694    1      2      3       5.62     13     29     42 
class   thruput   drop rate 
  0     0.157     0.842
  1     0.158     0.842
1000  	 0.094 	 0.119 	  0.91 	 89.17 	  0.68
2000  	 0.125 	 0.110 	  0.87 	 67.45 	  0.68
3000  	 0.105 	 0.102 	  0.89 	 79.32 	  0.67
4000  	 0.061 	 0.072 	  0.94 	140.03 	  0.65
5000  	 0.110 	 0.099 	  0.89 	 76.37 	  0.67
6000  	 0.089 	 0.090 	  0.91 	 95.10 	  0.67
7000  	 0.124 	 0.107 	  0.88 	 67.63 	  0.67
8000  	 0.140 	 0.102 	  0.86 	 59.92 	  0.67
9000  	 0.113 	 0.113 	  0.89 	 74.24 	  0.68
10000  	 0.126 	 0.095 	  0.87 	 66.57 	  0.67
11000  	 0.153 	 0.137 	  0.85 	 53.69 	  0.70
12000  	 0.075 	 0.076 	  0.92 	113.44 	  0.65
13000  	 0.139 	 0.106 	  0.86 	 59.82 	  0.68
14000  	 0.100 	 0.112 	  0.90 	 83.72 	  0.68
15000  	 0.127 	 0.108 	  0.87 	 66.65 	  0.67
16000  	 0.097 	 0.060 	  0.90 	 87.23 	  0.65
17000  	 0.062 	 0.042 	  0.94 	141.17 	  0.63
18000  	 0.079 	 0.093 	  0.92 	104.37 	  0.67
19000  	 0.077 	 0.094 	  0.92 	109.42 	  0.67
20000  	 0.101 	 0.086 	  0.90 	 84.00 	  0.66
0.90  cl0  0.098  0.098  0.901  cl1  0.098  0.098  0.902    85.880   181    339    392    0.669    1      2      3       9.37     22     39     47 
class   thruput   drop rate 
  0     0.098     0.901
  1     0.098     0.902
1000  	 0.071 	 0.072 	  0.93 	118.02 	  0.66
2000  	 0.081 	 0.051 	  0.92 	104.65 	  0.65
3000  	 0.057 	 0.037 	  0.94 	147.63 	  0.64
4000  	 0.083 	 0.067 	  0.92 	101.35 	  0.66
5000  	 0.048 	 0.039 	  0.95 	175.58 	  0.64
6000  	 0.095 	 0.069 	  0.90 	 88.23 	  0.66
7000  	 0.075 	 0.062 	  0.92 	113.08 	  0.65
8000  	 0.051 	 0.044 	  0.95 	163.90 	  0.65
9000  	 0.087 	 0.061 	  0.91 	 97.95 	  0.65
10000  	 0.027 	 0.008 	  0.97 	311.80 	  0.62
11000  	 0.067 	 0.058 	  0.93 	125.49 	  0.65
12000  	 0.078 	 0.055 	  0.92 	118.26 	  0.64
13000  	 0.069 	 0.044 	  0.93 	112.52 	  0.65
14000  	 0.097 	 0.108 	  0.90 	 90.59 	  0.68
15000  	 0.089 	 0.078 	  0.91 	 89.16 	  0.67
16000  	 0.092 	 0.063 	  0.91 	 91.78 	  0.65
17000  	 0.077 	 0.075 	  0.92 	112.41 	  0.66
18000  	 0.100 	 0.064 	  0.90 	 80.90 	  0.66
19000  	 0.068 	 0.048 	  0.93 	124.89 	  0.65
20000  	 0.037 	 0.034 	  0.96 	232.53 	  0.63
0.95  cl0  0.065  0.065  0.935  cl1  0.065  0.065  0.935    129.859   277    495    562    0.652    1      2      3       14.65     33     58     68 
class   thruput   drop rate 
  0     0.065     0.935
  1     0.065     0.935
Program ended with exit code: 0


higher rates for low loads
flowsize 3000.00, theta 1.00, VQthresh 10.00 VPthresh 0.00 
shares: class1 0.40, class2 0.40, class3 0.00, class4 0.00, class5 0.00, class6 0.00, single packets 0.20, total 
batching: max number 1, max time   10.0 

1000  	 0.940 	 0.949 	  0.37 	  8.15 	  0.98
2000  	 0.932 	 0.949 	  0.38 	  8.21 	  0.98
3000  	 0.950 	 0.951 	  0.36 	  7.97 	  0.99
4000  	 0.960 	 0.951 	  0.36 	  7.86 	  0.99
5000  	 0.936 	 0.949 	  0.37 	  8.18 	  0.98
6000  	 0.954 	 0.951 	  0.36 	  7.93 	  0.99
7000  	 0.955 	 0.948 	  0.36 	  8.02 	  0.98
8000  	 0.947 	 0.951 	  0.37 	  8.02 	  0.99
9000  	 0.945 	 0.950 	  0.37 	  8.07 	  0.98
10000  	 0.951 	 0.951 	  0.36 	  7.97 	  0.99
11000  	 0.949 	 0.950 	  0.37 	  8.02 	  0.98
12000  	 0.945 	 0.950 	  0.37 	  8.07 	  0.99
13000  	 0.946 	 0.950 	  0.37 	  8.06 	  0.98
14000  	 0.963 	 0.952 	  0.36 	  7.82 	  0.99
15000  	 0.944 	 0.951 	  0.37 	  8.04 	  0.99
16000  	 0.957 	 0.952 	  0.36 	  7.85 	  0.99
17000  	 0.935 	 0.948 	  0.37 	  8.21 	  0.98
18000  	 0.954 	 0.950 	  0.36 	  7.97 	  0.98
19000  	 0.956 	 0.949 	  0.36 	  7.97 	  0.98
20000  	 0.945 	 0.950 	  0.37 	  8.07 	  0.98
0.05  cl0  0.949  0.949  0.366  cl1  0.947  0.947  0.367     8.023   0    10    20    0.985    0      1      2       1.01     1     2     3 
class   thruput   drop rate 
  0     0.949     0.366
  1     0.947     0.367
1000  	 0.879 	 0.902 	  0.41 	  8.74 	  0.97
2000  	 0.895 	 0.899 	  0.40 	  8.62 	  0.97
3000  	 0.906 	 0.901 	  0.39 	  8.45 	  0.97
4000  	 0.927 	 0.904 	  0.38 	  8.18 	  0.97
5000  	 0.920 	 0.902 	  0.39 	  8.29 	  0.97
6000  	 0.903 	 0.901 	  0.40 	  8.48 	  0.97
7000  	 0.905 	 0.896 	  0.39 	  8.56 	  0.97
8000  	 0.923 	 0.899 	  0.38 	  8.31 	  0.97
9000  	 0.902 	 0.901 	  0.40 	  8.50 	  0.97
10000  	 0.899 	 0.900 	  0.40 	  8.55 	  0.97
11000  	 0.890 	 0.903 	  0.40 	  8.58 	  0.97
12000  	 0.902 	 0.895 	  0.40 	  8.60 	  0.97
13000  	 0.918 	 0.899 	  0.39 	  8.37 	  0.97
14000  	 0.897 	 0.902 	  0.40 	  8.54 	  0.97
15000  	 0.902 	 0.899 	  0.40 	  8.54 	  0.97
16000  	 0.926 	 0.904 	  0.38 	  8.20 	  0.97
17000  	 0.895 	 0.900 	  0.40 	  8.60 	  0.97
18000  	 0.911 	 0.900 	  0.39 	  8.42 	  0.97
19000  	 0.911 	 0.902 	  0.39 	  8.39 	  0.97
20000  	 0.908 	 0.898 	  0.39 	  8.49 	  0.97
0.10  cl0  0.907  0.907  0.394  cl1  0.904  0.904  0.396     8.473   0    11    21    0.970    0      1      2       1.03     1     2     3 
class   thruput   drop rate 
  0     0.907     0.394
  1     0.904     0.396
1000  	 0.847 	 0.850 	  0.43 	  9.17 	  0.95
2000  	 0.861 	 0.850 	  0.42 	  9.00 	  0.95
3000  	 0.842 	 0.844 	  0.44 	  9.29 	  0.95
4000  	 0.847 	 0.855 	  0.43 	  9.10 	  0.96
5000  	 0.866 	 0.855 	  0.42 	  8.87 	  0.96
6000  	 0.863 	 0.858 	  0.42 	  8.86 	  0.96
7000  	 0.858 	 0.854 	  0.43 	  8.98 	  0.96
8000  	 0.842 	 0.852 	  0.44 	  9.20 	  0.96
9000  	 0.835 	 0.851 	  0.44 	  9.31 	  0.95
10000  	 0.861 	 0.847 	  0.42 	  9.04 	  0.95
11000  	 0.872 	 0.855 	  0.42 	  8.81 	  0.96
12000  	 0.872 	 0.848 	  0.42 	  8.89 	  0.95
13000  	 0.853 	 0.856 	  0.43 	  9.00 	  0.96
14000  	 0.869 	 0.855 	  0.42 	  8.84 	  0.96
15000  	 0.858 	 0.851 	  0.43 	  9.01 	  0.95
16000  	 0.851 	 0.854 	  0.43 	  9.06 	  0.96
17000  	 0.857 	 0.843 	  0.43 	  9.14 	  0.95
18000  	 0.835 	 0.849 	  0.44 	  9.33 	  0.95
19000  	 0.847 	 0.849 	  0.43 	  9.18 	  0.95
20000  	 0.865 	 0.851 	  0.42 	  8.94 	  0.95
0.15  cl0  0.853  0.853  0.430  cl1  0.857  0.857  0.427     9.051   8    20    31    0.954    0      1      2       1.05     1     2     3 
class   thruput   drop rate 
  0     0.853     0.430
  1     0.857     0.427
1000  	 0.810 	 0.813 	  0.46 	  9.54 	  0.94
2000  	 0.795 	 0.803 	  0.47 	  9.80 	  0.94
3000  	 0.823 	 0.806 	  0.45 	  9.42 	  0.94
4000  	 0.815 	 0.804 	  0.46 	  9.55 	  0.94
5000  	 0.791 	 0.799 	  0.47 	  9.94 	  0.94
6000  	 0.792 	 0.790 	  0.47 	 10.01 	  0.93
7000  	 0.795 	 0.802 	  0.47 	  9.85 	  0.94
8000  	 0.783 	 0.801 	  0.48 	 10.03 	  0.94
9000  	 0.801 	 0.794 	  0.46 	  9.85 	  0.93
10000  	 0.776 	 0.805 	  0.48 	 10.06 	  0.94
11000  	 0.817 	 0.801 	  0.45 	  9.55 	  0.94
12000  	 0.817 	 0.801 	  0.45 	  9.56 	  0.94
13000  	 0.784 	 0.791 	  0.48 	 10.12 	  0.93
14000  	 0.777 	 0.796 	  0.48 	 10.15 	  0.94
15000  	 0.806 	 0.800 	  0.46 	  9.71 	  0.94
16000  	 0.777 	 0.807 	  0.48 	 10.03 	  0.94
17000  	 0.806 	 0.804 	  0.46 	  9.66 	  0.94
18000  	 0.785 	 0.805 	  0.47 	  9.94 	  0.94
19000  	 0.783 	 0.800 	  0.48 	 10.04 	  0.94
20000  	 0.780 	 0.798 	  0.48 	 10.08 	  0.94
0.20  cl0  0.793  0.793  0.470  cl1  0.798  0.798  0.466     9.844   10    21    32    0.938    0      1      2       1.09     1     3     4 
class   thruput   drop rate 
  0     0.793     0.470
  1     0.798     0.466
1000  	 0.762 	 0.735 	  0.49 	 10.49 	  0.91
2000  	 0.730 	 0.733 	  0.51 	 11.02 	  0.91
3000  	 0.755 	 0.747 	  0.50 	 10.50 	  0.92
4000  	 0.756 	 0.751 	  0.49 	 10.44 	  0.92
5000  	 0.745 	 0.768 	  0.50 	 10.43 	  0.93
6000  	 0.764 	 0.751 	  0.49 	 10.32 	  0.92
7000  	 0.761 	 0.743 	  0.49 	 10.42 	  0.92
8000  	 0.729 	 0.756 	  0.51 	 10.81 	  0.92
9000  	 0.746 	 0.747 	  0.50 	 10.64 	  0.92
10000  	 0.772 	 0.752 	  0.48 	 10.20 	  0.92
11000  	 0.766 	 0.748 	  0.49 	 10.30 	  0.92
12000  	 0.744 	 0.752 	  0.50 	 10.61 	  0.92
13000  	 0.739 	 0.747 	  0.51 	 10.74 	  0.92
14000  	 0.728 	 0.747 	  0.51 	 10.93 	  0.92
15000  	 0.757 	 0.751 	  0.49 	 10.42 	  0.92
16000  	 0.746 	 0.746 	  0.50 	 10.63 	  0.92
17000  	 0.722 	 0.752 	  0.52 	 10.97 	  0.92
18000  	 0.707 	 0.748 	  0.53 	 11.26 	  0.92
19000  	 0.742 	 0.758 	  0.50 	 10.59 	  0.93
20000  	 0.753 	 0.743 	  0.50 	 10.55 	  0.92
0.25  cl0  0.744  0.744  0.503  cl1  0.748  0.748  0.500    10.614   10    22    42    0.921    0      1      2       1.13     2     3     5 
class   thruput   drop rate 
  0     0.744     0.503
  1     0.748     0.500
1000  	 0.703 	 0.689 	  0.53 	 11.43 	  0.90
2000  	 0.708 	 0.714 	  0.53 	 11.12 	  0.91
3000  	 0.672 	 0.697 	  0.55 	 11.92 	  0.90
4000  	 0.684 	 0.694 	  0.54 	 11.73 	  0.90
5000  	 0.710 	 0.698 	  0.52 	 11.22 	  0.90
6000  	 0.686 	 0.703 	  0.54 	 11.61 	  0.91
7000  	 0.691 	 0.695 	  0.54 	 11.60 	  0.90
8000  	 0.706 	 0.711 	  0.53 	 11.17 	  0.91
9000  	 0.714 	 0.709 	  0.52 	 11.06 	  0.91
10000  	 0.715 	 0.709 	  0.52 	 11.09 	  0.91
11000  	 0.688 	 0.691 	  0.54 	 11.62 	  0.90
12000  	 0.718 	 0.706 	  0.52 	 11.02 	  0.91
13000  	 0.704 	 0.697 	  0.53 	 11.33 	  0.90
14000  	 0.734 	 0.703 	  0.51 	 10.78 	  0.91
15000  	 0.701 	 0.707 	  0.53 	 11.32 	  0.91
16000  	 0.714 	 0.692 	  0.52 	 11.21 	  0.90
17000  	 0.704 	 0.694 	  0.53 	 11.36 	  0.90
18000  	 0.704 	 0.690 	  0.53 	 11.41 	  0.90
19000  	 0.685 	 0.716 	  0.54 	 11.54 	  0.91
20000  	 0.694 	 0.692 	  0.54 	 11.54 	  0.90
0.30  cl0  0.702  0.702  0.530  cl1  0.701  0.701  0.532    11.353   11    31    43    0.905    0      1      2       1.18     2     3     5 
class   thruput   drop rate 
  0     0.702     0.530
  1     0.701     0.532
1000  	 0.628 	 0.648 	  0.58 	 12.85 	  0.89
2000  	 0.655 	 0.660 	  0.56 	 12.15 	  0.89
3000  	 0.644 	 0.639 	  0.57 	 12.56 	  0.88
4000  	 0.676 	 0.655 	  0.55 	 11.81 	  0.89
5000  	 0.631 	 0.651 	  0.58 	 12.75 	  0.89
6000  	 0.688 	 0.656 	  0.54 	 11.57 	  0.89
7000  	 0.656 	 0.648 	  0.56 	 12.24 	  0.89
8000  	 0.674 	 0.663 	  0.55 	 11.78 	  0.89
9000  	 0.668 	 0.660 	  0.55 	 12.05 	  0.89
10000  	 0.637 	 0.654 	  0.57 	 12.46 	  0.89
11000  	 0.640 	 0.654 	  0.57 	 12.53 	  0.89
12000  	 0.648 	 0.653 	  0.57 	 12.37 	  0.89
13000  	 0.602 	 0.656 	  0.60 	 13.34 	  0.89
14000  	 0.668 	 0.659 	  0.55 	 11.97 	  0.89
15000  	 0.640 	 0.646 	  0.57 	 12.56 	  0.88
16000  	 0.667 	 0.651 	  0.55 	 12.02 	  0.89
17000  	 0.665 	 0.654 	  0.56 	 12.02 	  0.89
18000  	 0.654 	 0.650 	  0.56 	 12.27 	  0.89
19000  	 0.618 	 0.656 	  0.59 	 13.00 	  0.89
20000  	 0.645 	 0.648 	  0.57 	 12.48 	  0.89
0.35  cl0  0.647  0.647  0.568  cl1  0.652  0.652  0.564    12.338   11    32    53    0.889    0      1      2       1.25     2     4     6 
class   thruput   drop rate 
  0     0.647     0.568
  1     0.652     0.564
1000  	 0.600 	 0.591 	  0.60 	 13.54 	  0.86
2000  	 0.617 	 0.610 	  0.59 	 13.00 	  0.87
3000  	 0.600 	 0.603 	  0.60 	 13.46 	  0.87
4000  	 0.612 	 0.599 	  0.59 	 13.23 	  0.87
5000  	 0.651 	 0.612 	  0.56 	 12.27 	  0.88
6000  	 0.601 	 0.602 	  0.60 	 13.45 	  0.87
7000  	 0.587 	 0.577 	  0.61 	 13.95 	  0.86
8000  	 0.585 	 0.595 	  0.61 	 13.87 	  0.87
9000  	 0.622 	 0.610 	  0.58 	 12.91 	  0.87
10000  	 0.576 	 0.599 	  0.61 	 14.08 	  0.87
11000  	 0.620 	 0.597 	  0.59 	 13.06 	  0.87
12000  	 0.636 	 0.613 	  0.57 	 12.51 	  0.88
13000  	 0.609 	 0.599 	  0.59 	 13.28 	  0.87
14000  	 0.633 	 0.591 	  0.58 	 12.80 	  0.86
15000  	 0.610 	 0.616 	  0.59 	 13.11 	  0.88
16000  	 0.593 	 0.595 	  0.60 	 13.68 	  0.87
17000  	 0.610 	 0.604 	  0.59 	 13.24 	  0.87
18000  	 0.618 	 0.598 	  0.59 	 13.06 	  0.87
19000  	 0.613 	 0.596 	  0.59 	 13.19 	  0.87
20000  	 0.582 	 0.609 	  0.61 	 13.87 	  0.87
0.40  cl0  0.608  0.608  0.593  cl1  0.608  0.608  0.593    13.277   20    42    62    0.870    0      1      2       1.33     2     4     7 
class   thruput   drop rate 
  0     0.608     0.593
  1     0.608     0.593
Program ended with exit code: 0