#N 3
#VQthresh min 1.00, max 2086.96
#overhead 0.50, packetsize[0] 5.00, packetsize[1] 3.00, packetsize[2] 1.00 
#share[0] 0.556, share[1] 0.333, share[2] 0.111 
#                        flow 1                  flow 2                 flow 3       
# buffer  load   load th'pt  pt   pv    load th'pt  pt   pv    load th'pt  pt   pv   
   640   0.10   0.06 0.056 0.00 0.00   0.03 0.033 0.00 0.00   0.01 0.011 0.00 0.00   
   640   0.20   0.11 0.111 0.00 0.00   0.07 0.067 0.00 0.00   0.02 0.022 0.00 0.00   
   640   0.30   0.17 0.167 0.00 0.00   0.10 0.100 0.00 0.00   0.03 0.033 0.00 0.00   
   640   0.40   0.22 0.222 0.00 0.00   0.13 0.133 0.00 0.00   0.04 0.044 0.00 0.00   
   640   0.50   0.28 0.278 0.00 0.00   0.17 0.167 0.00 0.00   0.06 0.056 0.00 0.00   
   640   0.60   0.33 0.333 0.00 0.00   0.20 0.200 0.00 0.00   0.07 0.067 0.00 0.00   
   640   0.70   0.39 0.389 0.00 0.00   0.23 0.234 0.00 0.00   0.08 0.078 0.00 0.00   
   640   0.80   0.44 0.445 0.00 0.00   0.27 0.267 0.00 0.00   0.09 0.089 0.00 0.00   
   640   0.90   0.50 0.499 0.00 0.00   0.30 0.300 0.00 0.00   0.10 0.100 0.00 0.00   
   640   1.00   0.56 0.553 0.00 0.00   0.33 0.333 0.00 0.00   0.11 0.111 0.00 0.00   
   640   1.10   0.61 0.500 0.00 0.18   0.37 0.367 0.00 0.00   0.12 0.122 0.00 0.00   
   640   1.20   0.67 0.445 0.00 0.33   0.40 0.400 0.00 0.00   0.13 0.133 0.00 0.00   
   640   1.30   0.72 0.411 0.00 0.43   0.43 0.410 0.00 0.06   0.14 0.144 0.00 0.00   
   640   1.40   0.78 0.398 0.00 0.49   0.47 0.397 0.00 0.15   0.16 0.156 0.00 0.00   
   640   1.50   0.83 0.385 0.00 0.54   0.50 0.384 0.00 0.23   0.17 0.167 0.00 0.00   
   640   1.60   0.89 0.372 0.00 0.58   0.53 0.372 0.00 0.30   0.18 0.178 0.00 0.00   
   640   1.70   0.94 0.359 0.00 0.62   0.57 0.359 0.00 0.37   0.19 0.189 0.00 0.00   
   640   1.80   1.00 0.346 0.00 0.65   0.60 0.346 0.00 0.42   0.20 0.200 0.00 0.00   
   640   1.90   1.06 0.333 0.00 0.68   0.63 0.333 0.00 0.47   0.21 0.211 0.00 0.00   
   640   2.00   1.11 0.320 0.00 0.71   0.67 0.320 0.00 0.52   0.22 0.222 0.00 0.00   
   640   2.10   1.17 0.308 0.00 0.74   0.70 0.308 0.00 0.56   0.23 0.233 0.00 0.00   
   640   2.20   1.22 0.295 0.00 0.76   0.73 0.295 0.00 0.60   0.24 0.245 0.00 0.00   
   640   2.30   1.28 0.282 0.00 0.78   0.77 0.282 0.00 0.63   0.26 0.255 0.00 0.00   
   640   2.40   1.33 0.270 0.00 0.80   0.80 0.270 0.00 0.66   0.27 0.263 0.00 0.01   
   640   2.50   1.39 0.262 0.00 0.81   0.83 0.262 0.00 0.69   0.28 0.258 0.00 0.07   
   640   2.60   1.44 0.254 0.00 0.82   0.87 0.254 0.00 0.71   0.29 0.252 0.00 0.13   
   640   2.70   1.50 0.247 0.00 0.84   0.90 0.247 0.00 0.73   0.30 0.245 0.00 0.18   
   640   2.80   1.56 0.239 0.00 0.85   0.93 0.239 0.00 0.74   0.31 0.238 0.00 0.24   
   640   2.90   1.61 0.232 0.00 0.86   0.97 0.232 0.00 0.76   0.32 0.231 0.00 0.28   
   640   3.00   1.67 0.224 0.00 0.87   1.00 0.224 0.00 0.78   0.33 0.223 0.00 0.33   
   640   3.10   1.72 0.216 0.00 0.87   1.03 0.217 0.00 0.79   0.34 0.216 0.00 0.37   
   640   3.20   1.78 0.209 0.00 0.88   1.07 0.209 0.00 0.80   0.36 0.209 0.00 0.41   
   640   3.30   1.83 0.201 0.00 0.89   1.10 0.202 0.00 0.82   0.37 0.202 0.00 0.45   
   640   3.40   1.89 0.194 0.00 0.90   1.13 0.194 0.00 0.83   0.38 0.194 0.00 0.49   
   640   3.50   1.94 0.186 0.00 0.90   1.17 0.187 0.00 0.84   0.39 0.187 0.00 0.52   
   640   3.60   2.00 0.179 0.00 0.91   1.20 0.179 0.00 0.85   0.40 0.180 0.00 0.55   
   640   3.70   2.06 0.171 0.00 0.92   1.23 0.172 0.00 0.86   0.41 0.173 0.00 0.58   
   640   3.80   2.11 0.163 0.00 0.92   1.27 0.164 0.00 0.87   0.42 0.165 0.00 0.61   
   640   3.90   2.17 0.156 0.00 0.93   1.30 0.157 0.00 0.88   0.43 0.158 0.00 0.63   
   640   4.00   2.22 0.148 0.00 0.93   1.33 0.150 0.00 0.89   0.44 0.151 0.00 0.66   
   640   4.10   2.28 0.140 0.00 0.94   1.37 0.142 0.00 0.90   0.46 0.144 0.00 0.68   
   640   4.20   2.33 0.133 0.00 0.94   1.40 0.135 0.00 0.90   0.47 0.137 0.00 0.71   
   640   4.30   2.39 0.125 0.00 0.95   1.43 0.128 0.00 0.91   0.48 0.130 0.00 0.73   
   640   4.40   2.44 0.117 0.00 0.95   1.47 0.120 0.00 0.92   0.49 0.122 0.00 0.75   
   640   4.50   2.50 0.110 0.00 0.96   1.50 0.112 0.00 0.93   0.50 0.115 0.00 0.77   
   640   4.60   2.56 0.102 0.00 0.96   1.53 0.105 0.00 0.93   0.51 0.107 0.00 0.79   
   640   4.70   2.61 0.095 0.00 0.96   1.57 0.097 0.00 0.94   0.52 0.100 0.00 0.81   
   640   4.80   2.67 0.088 0.00 0.97   1.60 0.090 0.00 0.94   0.53 0.092 0.00 0.83   
   640   4.90   2.72 0.081 0.00 0.97   1.63 0.082 0.00 0.95   0.54 0.084 0.00 0.85   
   640   5.00   2.78 0.074 0.00 0.97   1.67 0.075 0.00 0.96   0.56 0.076 0.00 0.86   
   640   5.10   2.83 0.067 0.00 0.98   1.70 0.067 0.00 0.96   0.57 0.068 0.00 0.88   
   640   5.20   2.89 0.060 0.00 0.98   1.73 0.060 0.00 0.97   0.58 0.060 0.00 0.90   
   640   5.30   2.94 0.053 0.00 0.98   1.77 0.052 0.00 0.97   0.59 0.051 0.00 0.91   
   640   5.40   3.00 0.046 0.00 0.98   1.80 0.045 0.00 0.98   0.60 0.043 0.00 0.93   
   640   5.50   3.06 0.039 0.00 0.99   1.83 0.037 0.00 0.98   0.61 0.035 0.00 0.94   
   640   5.60   3.11 0.032 0.00 0.99   1.87 0.029 0.00 0.98   0.62 0.027 0.00 0.96   
   640   5.70   3.17 0.025 0.00 0.99   1.90 0.022 0.00 0.99   0.63 0.019 0.00 0.97   
   640   5.80   3.22 0.017 0.00 0.99   1.93 0.014 0.00 0.99   0.64 0.012 0.00 0.98   
   640   5.90   3.28 0.009 0.00 1.00   1.97 0.007 0.00 1.00   0.66 0.005 0.00 0.99   
   640   6.00   3.33 0.005 0.01 1.00   2.00 0.003 0.01 1.00   0.67 0.001 0.01 1.00   
Program ended with exit code: 0