#N 3
#VQthresh min 20869.57, max 20869.57
#overhead 0.50, packetsize[0] 5.00, packetsize[1] 3.00, packetsize[2] 1.00 
#share[0] 0.556, share[1] 0.333, share[2] 0.111 
#                        flow 1                  flow 2                 flow 3       
# buffer  load   load th'pt  pt   pv    load th'pt  pt   pv    load th'pt  pt   pv   
   640   0.10   0.06 0.056 0.00 0.00   0.03 0.033 0.00 0.00   0.01 0.011 0.00 0.00   
   640   0.20   0.11 0.111 0.00 0.00   0.07 0.067 0.00 0.00   0.02 0.022 0.00 0.00   
   640   0.30   0.17 0.167 0.00 0.00   0.10 0.100 0.00 0.00   0.03 0.033 0.00 0.00   
   640   0.40   0.22 0.222 0.00 0.00   0.13 0.133 0.00 0.00   0.04 0.044 0.00 0.00   
   640   0.50   0.28 0.278 0.00 0.00   0.17 0.167 0.00 0.00   0.06 0.056 0.00 0.00   
   640   0.60   0.33 0.333 0.00 0.00   0.20 0.200 0.00 0.00   0.07 0.067 0.00 0.00   
   640   0.70   0.39 0.389 0.00 0.00   0.23 0.234 0.00 0.00   0.08 0.078 0.00 0.00   
   640   0.80   0.44 0.445 0.00 0.00   0.27 0.267 0.00 0.00   0.09 0.089 0.00 0.00   
   640   0.90   0.50 0.499 0.00 0.00   0.30 0.300 0.00 0.00   0.10 0.100 0.00 0.00   
   640   1.00   0.56 0.555 0.00 0.00   0.33 0.333 0.00 0.00   0.11 0.111 0.00 0.00   
   640   1.10   0.61 0.556 0.09 0.00   0.37 0.333 0.09 0.00   0.12 0.111 0.09 0.00   
   640   1.20   0.67 0.556 0.17 0.00   0.40 0.333 0.17 0.00   0.13 0.111 0.17 0.00   
   640   1.30   0.72 0.555 0.23 0.00   0.43 0.333 0.23 0.00   0.14 0.111 0.23 0.00   
   640   1.40   0.78 0.556 0.29 0.00   0.47 0.333 0.29 0.00   0.16 0.111 0.29 0.00   
   640   1.50   0.83 0.556 0.33 0.00   0.50 0.333 0.33 0.00   0.17 0.111 0.33 0.00   
   640   1.60   0.89 0.555 0.38 0.00   0.53 0.333 0.37 0.00   0.18 0.111 0.37 0.00   
   640   1.70   0.94 0.556 0.41 0.00   0.57 0.333 0.41 0.00   0.19 0.111 0.41 0.00   
   640   1.80   1.00 0.555 0.44 0.00   0.60 0.334 0.44 0.00   0.20 0.111 0.44 0.00   
   640   1.90   1.06 0.555 0.47 0.00   0.63 0.334 0.47 0.00   0.21 0.111 0.47 0.00   
   640   2.00   1.11 0.556 0.50 0.00   0.67 0.333 0.50 0.00   0.22 0.111 0.50 0.00   
   640   2.10   1.17 0.556 0.52 0.00   0.70 0.333 0.52 0.00   0.23 0.111 0.53 0.00   
   640   2.20   1.22 0.555 0.55 0.00   0.73 0.334 0.54 0.00   0.24 0.111 0.55 0.00   
   640   2.30   1.28 0.555 0.57 0.00   0.77 0.333 0.56 0.00   0.26 0.111 0.56 0.00   
   640   2.40   1.33 0.556 0.58 0.00   0.80 0.333 0.58 0.00   0.27 0.111 0.58 0.00   
   640   2.50   1.39 0.555 0.60 0.00   0.83 0.334 0.60 0.00   0.28 0.111 0.60 0.00   
   640   2.60   1.44 0.556 0.62 0.00   0.87 0.333 0.62 0.00   0.29 0.111 0.62 0.00   
   640   2.70   1.50 0.555 0.63 0.00   0.90 0.334 0.63 0.00   0.30 0.111 0.63 0.00   
   640   2.80   1.56 0.556 0.64 0.00   0.93 0.333 0.64 0.00   0.31 0.111 0.64 0.00   
   640   2.90   1.61 0.556 0.66 0.00   0.97 0.333 0.66 0.00   0.32 0.111 0.65 0.00   
   640   3.00   1.67 0.555 0.67 0.00   1.00 0.333 0.67 0.00   0.33 0.111 0.67 0.00   
   640   3.10   1.72 0.556 0.68 0.00   1.03 0.333 0.68 0.00   0.34 0.111 0.68 0.00   
   640   3.20   1.78 0.555 0.69 0.00   1.07 0.334 0.69 0.00   0.36 0.111 0.69 0.00   
   640   3.30   1.83 0.556 0.70 0.00   1.10 0.333 0.70 0.00   0.37 0.111 0.70 0.00   
   640   3.40   1.89 0.555 0.71 0.00   1.13 0.333 0.71 0.00   0.38 0.111 0.71 0.00   
   640   3.50   1.94 0.556 0.71 0.00   1.17 0.333 0.71 0.00   0.39 0.111 0.71 0.00   
   640   3.60   2.00 0.555 0.72 0.00   1.20 0.334 0.72 0.00   0.40 0.111 0.72 0.00   
   640   3.70   2.06 0.555 0.73 0.00   1.23 0.334 0.73 0.00   0.41 0.111 0.73 0.00   
   640   3.80   2.11 0.556 0.74 0.00   1.27 0.333 0.74 0.00   0.42 0.111 0.74 0.00   
   640   3.90   2.17 0.555 0.74 0.00   1.30 0.334 0.74 0.00   0.43 0.111 0.74 0.00   
   640   4.00   2.22 0.556 0.75 0.00   1.33 0.333 0.75 0.00   0.44 0.111 0.75 0.00   
   640   4.10   2.28 0.555 0.76 0.00   1.37 0.334 0.76 0.00   0.46 0.111 0.76 0.00   
   640   4.20   2.33 0.555 0.76 0.00   1.40 0.333 0.76 0.00   0.47 0.111 0.76 0.00   
   640   4.30   2.39 0.556 0.77 0.00   1.43 0.333 0.77 0.00   0.48 0.111 0.77 0.00   
   640   4.40   2.44 0.556 0.77 0.00   1.47 0.334 0.77 0.00   0.49 0.111 0.77 0.00   
   640   4.50   2.50 0.556 0.78 0.00   1.50 0.333 0.78 0.00   0.50 0.111 0.78 0.00   
   640   4.60   2.56 0.555 0.78 0.00   1.53 0.334 0.78 0.00   0.51 0.111 0.78 0.00   
   640   4.70   2.61 0.556 0.79 0.00   1.57 0.333 0.79 0.00   0.52 0.111 0.79 0.00   
   640   4.80   2.67 0.556 0.79 0.00   1.60 0.333 0.79 0.00   0.53 0.111 0.79 0.00   
   640   4.90   2.72 0.556 0.80 0.00   1.63 0.333 0.80 0.00   0.54 0.111 0.80 0.00   
   640   5.00   2.78 0.555 0.80 0.00   1.67 0.333 0.80 0.00   0.56 0.111 0.80 0.00   
   640   5.10   2.83 0.556 0.80 0.00   1.70 0.333 0.80 0.00   0.57 0.111 0.80 0.00   
   640   5.20   2.89 0.555 0.81 0.00   1.73 0.334 0.81 0.00   0.58 0.111 0.81 0.00   
   640   5.30   2.94 0.556 0.81 0.00   1.77 0.333 0.81 0.00   0.59 0.111 0.81 0.00   
   640   5.40   3.00 0.556 0.81 0.00   1.80 0.333 0.81 0.00   0.60 0.111 0.81 0.00   
   640   5.50   3.06 0.555 0.82 0.00   1.83 0.333 0.82 0.00   0.61 0.112 0.82 0.00   
   640   5.60   3.11 0.555 0.82 0.00   1.87 0.334 0.82 0.00   0.62 0.111 0.82 0.00   
   640   5.70   3.17 0.556 0.82 0.00   1.90 0.333 0.82 0.00   0.63 0.111 0.82 0.00   
   640   5.80   3.22 0.556 0.83 0.00   1.93 0.333 0.83 0.00   0.64 0.111 0.83 0.00   
   640   5.90   3.28 0.555 0.83 0.00   1.97 0.334 0.83 0.00   0.66 0.111 0.83 0.00   
   640   6.00   3.33 0.556 0.83 0.00   2.00 0.333 0.83 0.00   0.67 0.111 0.83 0.00   
Program ended with exit code: 0